-5.521404 -1.945188 4 4
-5.521404 -1.945187 11 11
-5.521379 -1.945147 12 12
-5.521345 -1.945105 13 13
-5.52133 -1.945095 14 14
-5.521317 -1.945085 16 16
-5.521357 -1.945119 17 17
-5.521411 -1.945088 18 18
-5.521408 -1.945077 19 19
-5.52145 -1.945102 20 20
-5.521458 -1.945099 21 21
-5.521435 -1.945109 22 22
-5.521471 -1.945133 23 23
-5.521476 -1.945234 24 24
-5.521392 -1.94506 25 25
-5.52139 -1.94505 26 26
-5.521388 -1.945043 27 27
-5.521389 -1.945037 35 35
-5.521389 -1.945034 36 36
-5.521389 -1.945041 37 37
-5.521359 -1.945038 39 39
-5.521332 -1.945048 40 40
-5.521351 -1.945077 44 44
-5.521473 -1.945089 46 46
-5.521479 -1.945092 47 47
-5.521485 -1.945086 48 48
-5.521514 -1.94522 50 50
-5.521527 -1.945216 51 51
-5.521527 -1.945216 52 52
-5.521344 -1.945248 53 53
-5.52133 -1.945191 54 54
-5.52135 -1.945145 55 55
-5.521268 -1.94517 56 56
-5.521289 -1.945123 57 57
-5.521243 -1.945321 58 58
-5.521257 -1.945388 60 60
-5.52126 -1.94538 61 61
-5.521252 -1.945392 62 62
-5.521134 -1.94545 63 63
-5.520878 -1.945547 67 67
-5.520863 -1.945545 68 68
-5.520878 -1.945542 69 69
-5.520864 -1.945548 70 70
-5.520601 -1.945419 71 71
-5.519605 -1.944702 72 72
-5.519142 -1.94479 73 73
-5.518574 -1.944532 80 80
-5.518576 -1.944535 81 81
-5.51858 -1.944548 82 82
-5.516392 -1.944577 83 83
-5.514504 -1.94475 84 84
-5.513356 -1.944817 85 85
-5.513324 -1.944828 87 87
-5.513326 -1.944828 88 88
-5.512987 -1.945181 89 89
-5.512981 -1.945172 90 90
-5.512975 -1.945163 91 91
-5.512975 -1.945188 92 92
-5.511733 -1.945887 93 93
-5.510737 -1.946546 94 94
-5.510015 -1.947044 95 95
-5.509769 -1.947059 96 96
-5.509756 -1.947066 99 99
-5.509756 -1.947066 100 100
-5.509776 -1.947043 101 101
-5.509786 -1.947068 102 102
-5.510075 -1.947913 103 103
-5.509914 -1.947952 104 104
-5.509907 -1.94795 105 105
-5.509885 -1.947953 106 106
-5.5099 -1.947951 107 107
-5.509871 -1.947955 108 108
-5.509889 -1.94795 109 109
-5.509128 -1.948955 110 110
-5.508435 -1.949055 112 112
-5.507874 -1.94883 114 114
-5.507753 -1.948602 115 115
-5.507677 -1.948481 116 116
-5.50769 -1.948475 117 117
-5.507698 -1.948467 122 122
-5.50771 -1.948458 123 123
-5.507699 -1.948468 125 125
-5.507724 -1.948475 126 126
-5.507687 -1.948481 127 127
-5.50952 -1.948816 128 128
-5.50952 -1.948816 129 129
-5.509414 -1.948672 130 130
-5.509499 -1.948591 131 131
-5.509798 -1.948084 132 132
-5.509811 -1.948096 133 133
-5.509776 -1.948076 134 134
-5.509756 -1.948065 135 135
-5.509732 -1.948054 136 136
-5.509726 -1.948051 141 141
-5.509703 -1.948047 149 149
-5.509695 -1.948023 150 150
-5.509701 -1.948029 152 152
-5.509697 -1.948023 154 154
-5.509691 -1.948017 156 156
-5.509701 -1.948029 157 157
-5.509682 -1.948007 158 158
-5.509682 -1.948008 168 168
-5.509683 -1.948008 169 169
-5.509677 -1.948001 170 170
-5.509672 -1.947995 174 174
-5.509635 -1.947938 175 175
-5.509607 -1.947927 179 179
-5.509583 -1.947923 180 180
-5.509609 -1.947926 183 183
-5.50956 -1.947916 184 184
-5.509577 -1.947921 185 185
-5.509464 -1.947864 187 187
-5.509466 -1.94786 188 188
-5.509469 -1.947876 189 189
-5.509433 -1.947978 190 190
-5.509433 -1.947978 192 192
-5.509285 -1.947992 195 195
-5.509215 -1.948029 200 200
-5.509224 -1.948031 201 201
-5.50941 -1.947884 202 202
-5.509392 -1.947881 203 203
-5.509392 -1.947881 204 204
-5.509213 -1.947947 205 205
-5.509176 -1.947963 208 208
-5.50916 -1.947966 219 219
-5.509156 -1.94796 224 224
-5.509179 -1.948014 235 235
-5.509174 -1.948011 241 241
-5.509169 -1.948008 243 243
-5.509189 -1.947968 244 244
-5.509164 -1.947997 250 250
-5.509121 -1.948018 251 251
-5.508935 -1.948191 254 254
-5.508948 -1.948213 255 255
-5.508937 -1.948251 256 256
-5.508924 -1.94824 261 261
-5.50891 -1.948227 262 262
-5.508943 -1.948229 263 263
-5.508915 -1.948241 264 264
-5.50894 -1.948204 265 265
-5.508966 -1.948259 266 266
-5.508966 -1.948259 269 269
-5.509038 -1.948224 270 270
-5.509075 -1.948226 271 271
-5.509022 -1.948264 272 272
-5.509134 -1.948245 273 273
-5.509093 -1.948292 274 274
-5.509059 -1.948351 276 276
-5.508939 -1.948419 277 277
-5.508906 -1.94845 278 278
-5.508789 -1.948519 279 279
-5.508776 -1.948528 282 282
-5.508771 -1.948532 283 283
-5.508756 -1.94852 284 284
-5.508747 -1.94852 285 285
-5.508729 -1.948521 294 294
-5.508719 -1.948523 295 295
-5.508805 -1.948511 296 296
-5.508972 -1.948478 298 298
-5.509121 -1.948416 302 302
-5.509207 -1.948415 303 303
-5.509341 -1.948242 304 304
-5.509447 -1.94815 311 311
-5.509461 -1.948169 312 312
-5.509453 -1.948158 313 313
-5.509577 -1.948114 314 314
-5.509627 -1.948147 316 316
-5.509742 -1.948209 317 317
-5.509839 -1.948241 318 318
-5.509975 -1.948246 319 319
-5.509886 -1.948947 321 321
-5.509884 -1.948963 322 322
-5.509681 -1.949949 323 323
-5.50967 -1.949998 324 324
-5.509679 -1.951472 325 325
-5.509772 -1.952058 327 327
-5.509772 -1.952058 329 329
-5.509763 -1.95206 330 330
-5.509659 -1.952104 331 331
-5.509517 -1.952215 332 332
-5.509412 -1.952197 335 335
-5.509389 -1.95216 337 337
-5.50943 -1.951834 338 338
-5.50946 -1.951881 339 339
-5.509512 -1.951944 340 340
-5.509477 -1.951944 343 343
-5.50947 -1.951939 344 344
-5.509535 -1.951969 345 345
-5.509521 -1.951959 349 349
-5.509474 -1.951821 351 351
-5.509456 -1.951818 352 352
-5.509487 -1.951944 353 353
-5.509487 -1.951944 354 354
-5.509487 -1.951944 357 357
-5.509479 -1.951934 358 358
-5.509904 -1.953137 359 359
-5.509889 -1.953137 360 360
-5.510675 -1.955512 361 361
-5.510918 -1.955778 362 362
-5.510942 -1.958386 364 364
-5.510941 -1.958403 365 365
-5.510924 -1.958425 366 366
-5.510934 -1.958441 367 367
-5.510932 -1.958437 368 368
-5.510929 -1.958433 369 369
-5.510925 -1.95844 370 370
-5.510924 -1.958437 372 372
-5.510921 -1.958434 374 374
-5.510919 -1.958409 378 378
-5.511003 -1.958625 380 380
-5.511016 -1.958825 381 381
-5.51102 -1.958811 382 382
-5.511611 -1.958893 383 383
-5.512065 -1.961065 384 384
-5.512304 -1.963926 385 385
-5.512271 -1.96627 386 386
-5.512271 -1.96627 387 387
-5.512971 -1.966147 388 388
-5.512962 -1.966148 389 389
-5.513402 -1.966108 390 390
-5.513408 -1.96611 393 393
-5.513414 -1.966112 394 394
-5.513397 -1.966105 395 395
-5.512787 -1.967062 396 396
-5.511808 -1.968801 397 397
-5.511808 -1.968801 398 398
-5.511108 -1.969934 404 404
-5.51075 -1.970729 405 405
-5.510761 -1.97072 406 406
-5.511835 -1.975328 407 407
-5.511999 -1.978014 408 408
-5.512128 -1.98118 409 409
-5.512127 -1.981201 410 410
-5.512127 -1.981201 411 411
-5.512392 -1.984856 412 412
-5.512712 -1.987894 413 413
-5.512687 -1.990827 417 417
-5.51216 -1.994693 418 418
-5.512249 -1.99474 420 420
-5.512263 -1.994747 421 421
-5.51234 -1.995747 422 422
-5.512345 -1.99576 423 423
-5.513096 -1.99746 427 427
-5.513103 -1.997503 430 430
-5.513129 -1.998309 431 431
-5.513129 -1.998309 432 432
-5.513129 -1.998309 433 433
-5.513364 -2.000829 434 434
-5.513359 -2.000815 435 435
-5.513359 -2.000815 436 436
-5.51329 -2.000957 437 437
-5.51329 -2.000957 438 438
-5.51329 -2.000957 439 439
-5.513287 -2.000954 440 440
-5.513289 -2.001002 444 444
-5.513276 -2.001924 445 445
-5.513245 -2.002198 458 458
-5.513221 -2.002257 482 482
-5.513124 -2.002932 483 483
-5.513126 -2.002916 484 484
-5.513127 -2.002912 490 490
-5.513133 -2.002887 492 492
-5.513154 -2.002802 494 494
-5.513191 -2.002874 496 496
-5.513166 -2.002866 498 498
-5.51316 -2.002866 499 499
-5.513156 -2.002866 500 500
-5.513151 -2.002867 501 501
-5.513148 -2.002869 503 503
-5.513148 -2.00287 504 504
-5.513144 -2.002873 505 505
-5.513142 -2.002874 506 506
-5.513137 -2.002877 507 507
-5.513142 -2.002873 508 508
-5.513146 -2.002867 509 509
-5.513152 -2.002855 510 510
-5.513154 -2.002848 511 511
-5.51315 -2.002735 514 514
-5.513154 -2.002708 515 515
-5.513118 -2.002602 516 516
-5.512995 -2.00259 517 517
-5.512951 -2.002639 519 519
-5.512934 -2.002827 520 520
-5.512907 -2.002991 521 521
-5.512943 -2.003231 522 522
-5.512912 -2.003488 523 523
-5.512917 -2.003757 524 524
-5.512918 -2.003974 526 526
-5.512969 -2.004754 529 529
-5.512969 -2.004754 530 530
-5.512955 -2.004965 531 531
-5.512958 -2.00499 532 532
-5.512946 -2.005263 533 533
-5.512955 -2.005296 534 534
-5.51297 -2.005348 535 535
-5.512955 -2.005577 538 538
-5.512929 -2.006275 539 539
-5.512902 -2.0064 540 540
-5.512859 -2.006654 541 541
-5.512836 -2.00701 542 542
-5.512785 -2.007437 543 543
-5.512793 -2.007813 548 548
-5.512799 -2.007831 549 549
-5.512847 -2.008253 550 550
-5.512853 -2.008269 554 554
-5.512857 -2.008282 555 555
-5.512847 -2.008272 556 556
-5.512856 -2.008308 560 560
-5.512863 -2.00832 561 561
-5.512856 -2.008308 562 562
-5.512822 -2.008403 568 568
-5.512822 -2.008403 569 569
-5.512785 -2.008449 570 570
-5.512742 -2.008458 571 571
-5.512692 -2.008316 573 573
-5.512695 -2.008323 575 575
-5.51266 -2.008297 576 576
-5.512642 -2.008386 577 577
-5.512603 -2.008321 578 578
-5.512563 -2.008318 579 579
-5.512411 -2.008411 580 580
-5.512325 -2.008484 581 581
-5.51201 -2.00854 582 582
-5.51196 -2.008549 583 583
-5.512019 -2.008907 584 584
-5.511991 -2.009026 585 585
-5.511962 -2.009542 586 586
-5.512008 -2.009609 587 587
-5.512113 -2.009748 589 589
-5.512303 -2.009978 590 590
-5.512446 -2.010594 591 591
-5.512861 -2.010857 592 592
-5.512847 -2.010885 595 595
-5.512853 -2.010897 597 597
-5.51286 -2.010912 598 598
-5.512867 -2.010811 599 599
-5.512867 -2.010751 600 600
-5.513021 -2.010662 601 601
-5.513067 -2.010573 602 602
-5.513301 -2.010722 603 603
-5.513372 -2.010784 607 607
-5.5133 -2.01072 608 608
-5.513293 -2.010769 609 609
-5.513307 -2.010797 610 610
-5.513531 -2.01089 611 611
-5.513604 -2.010866 614 614
-5.513609 -2.010863 615 615
-5.513664 -2.010883 616 616
-5.51417 -2.010686 617 617
-5.514614 -2.010866 618 618
-5.51467 -2.01077 619 619
-5.51482 -2.010572 620 620
-5.514884 -2.010497 621 621
-5.514915 -2.010478 622 622
-5.514923 -2.01042 623 623
-5.514933 -2.010024 624 624
-5.514999 -2.010053 625 625
-5.515919 -2.010356 626 626
-5.516107 -2.010524 627 627
-5.516468 -2.01088 628 628
-5.516468 -2.010878 629 629
-5.516481 -2.010886 630 630
-5.516498 -2.011624 631 631
-5.516511 -2.01164 632 632
-5.516569 -2.01229 638 638
-5.516596 -2.012287 639 639
-5.516593 -2.012348 644 644
-5.516594 -2.012357 645 645
-5.516816 -2.012363 648 648
-5.51682 -2.01237 649 649
-5.516791 -2.01264 650 650
-5.516694 -2.01304 651 651
-5.516708 -2.013094 706 706
-5.516772 -2.013224 707 707
-5.516758 -2.013214 709 709
-5.516758 -2.013214 712 712
-5.516766 -2.013216 716 716
-5.516782 -2.013219 720 720
-5.516786 -2.01322 724 724
-5.516768 -2.013217 725 725
-5.51674 -2.013192 731 731
-5.516789 -2.013265 740 740
-5.516786 -2.013268 741 741
-5.516587 -2.01349 742 742
-5.516609 -2.014142 745 745
-5.516619 -2.014312 747 747
-5.516479 -2.014418 751 751
-5.516425 -2.014516 753 753
-5.516239 -2.014708 755 755
-5.516194 -2.015007 757 757
-5.516023 -2.015231 758 758
-5.516257 -2.015175 760 760
-5.516101 -2.015678 762 762
-5.515917 -2.016526 765 765
-5.515775 -2.017299 766 766
-5.515635 -2.01785 767 767
-5.51533 -2.018553 773 773
-5.515281 -2.01956 774 774
-5.515183 -2.020464 775 775
-5.515079 -2.021235 776 776
-5.514966 -2.021365 777 777
-5.51494 -2.021374 778 778
-5.514883 -2.021769 779 779
-5.514687 -2.022372 780 780
-5.514572 -2.022652 781 781
-5.514483 -2.023173 782 782
-5.514448 -2.023749 784 784
-5.514369 -2.023946 785 785
-5.51434 -2.024674 786 786
-5.514359 -2.024748 787 787
-5.514337 -2.024779 788 788
-5.514328 -2.024792 789 789
-5.514239 -2.02504 791 791
-5.514176 -2.025382 792 792
-5.514052 -2.025574 793 793
-5.514033 -2.025691 794 794
-5.513626 -2.02581 795 795
-5.513626 -2.02581 796 796
-5.51359 -2.02583 798 798
-5.513332 -2.026414 799 799
-5.51333 -2.026414 800 800
-5.512812 -2.026607 801 801
-5.512705 -2.027046 802 802
-5.512652 -2.027265 803 803
-5.51258 -2.027376 806 806
-5.512483 -2.027636 807 807
-5.512337 -2.027794 808 808
-5.512001 -2.02837 809 809
-5.511543 -2.028535 810 810
-5.511502 -2.028778 812 812
-5.51149 -2.029386 813 813
-5.511491 -2.029389 814 814
-5.511001 -2.02994 815 815
-5.510981 -2.030673 816 816
-5.51098 -2.031268 817 817
-5.510798 -2.031504 820 820
-5.510301 -2.031679 821 821
-5.510299 -2.031678 822 822
-5.509535 -2.032629 823 823
-5.509529 -2.032636 828 828
-5.509438 -2.033284 829 829
-5.50938 -2.033701 830 830
-5.509339 -2.033744 833 833
-5.509329 -2.033758 836 836
-5.509329 -2.033756 837 837
-5.509329 -2.033755 838 838
-5.509329 -2.033754 839 839
-5.509329 -2.033753 840 840
-5.509329 -2.033748 841 841
-5.509346 -2.033704 842 842
-5.509405 -2.033626 843 843
-5.509416 -2.03364 844 844
-5.509442 -2.033714 846 846
-5.509547 -2.033819 847 847
-5.509595 -2.034135 848 848
-5.509595 -2.034132 849 849
-5.509586 -2.034518 850 850
-5.509541 -2.035125 851 851
-5.509511 -2.035604 852 852
-5.509532 -2.035919 853 853
-5.509481 -2.036356 854 854
-5.509485 -2.036582 855 855
-5.509406 -2.037048 856 856
-5.509328 -2.037225 857 857
-5.509303 -2.037971 859 859
-5.509362 -2.038561 860 860
-5.509365 -2.038578 861 861
-5.509331 -2.039013 862 862
-5.509334 -2.039028 863 863
-5.509316 -2.039158 864 864
-5.509278 -2.039837 868 868
-5.509269 -2.039912 869 869
-5.509274 -2.040502 870 870
-5.509167 -2.040874 871 871
-5.508979 -2.041274 873 873
-5.508943 -2.041315 875 875
-5.508976 -2.041283 876 876
-5.509082 -2.04149 877 877
-5.509084 -2.041504 878 878
-5.509096 -2.041987 883 883
-5.50905 -2.04261 884 884
-5.508541 -2.043139 885 885
-5.50858 -2.043197 890 890
-5.507727 -2.042765 891 891
-5.507717 -2.042777 894 894
-5.507597 -2.042732 895 895
-5.507479 -2.042613 905 905
-5.507519 -2.042525 906 906
-5.50748 -2.043103 907 907
-5.507511 -2.043085 908 908
-5.50752 -2.043098 912 912
-5.507354 -2.043794 914 914
-5.507306 -2.043972 915 915
-5.505845 -2.046063 917 917
-5.505124 -2.047082 918 918
-5.505085 -2.0471 929 929
-5.504172 -2.048391 943 943
-5.50344 -2.049131 948 948
-5.503422 -2.049214 950 950
-5.502942 -2.049332 951 951
-5.502538 -2.049533 952 952
-5.502464 -2.049534 955 955
-5.502649 -2.04874 957 957
-5.501943 -2.048945 958 958
-5.501633 -2.048952 959 959
-5.501532 -2.048993 992 992
-5.501539 -2.04899 994 994
-5.501163 -2.048525 999 999
-5.501119 -2.048588 1002 1002
-5.501097 -2.048637 1009 1009
-5.501087 -2.048458 1012 1012
-5.500831 -2.04779 1014 1014
-5.500815 -2.04777 1016 1016
-5.500142 -2.047262 1019 1019
-5.500109 -2.047253 1021 1021
-5.500176 -2.047193 1027 1027
-5.500478 -2.04602 1028 1028
-5.499826 -2.045763 1031 1031
-5.499402 -2.046046 1032 1032
-5.499462 -2.04614 1034 1034
-5.499452 -2.046168 1039 1039
-5.499016 -2.046153 1041 1041
-5.49887 -2.046184 1055 1055
-5.498847 -2.046198 1058 1058
-5.498419 -2.045957 1060 1060
-5.49841 -2.045988 1061 1061
-5.498441 -2.045805 1064 1064
-5.498455 -2.045735 1066 1066
-5.498616 -2.045351 1067 1067
-5.497888 -2.045394 1068 1068
-5.497846 -2.04551 1069 1069
-5.497818 -2.045567 1071 1071
-5.497783 -2.045639 1075 1075
-5.497795 -2.045628 1078 1078
-5.498013 -2.044938 1080 1080
-5.497569 -2.044383 1082 1082
-5.497091 -2.044744 1084 1084
-5.496938 -2.044975 1087 1087
-5.496927 -2.04504 1089 1089
-5.496901 -2.045324 1094 1094
-5.496873 -2.04537 1095 1095
-5.496607 -2.045444 1096 1096
-5.496591 -2.045363 1098 1098
-5.496558 -2.044706 1100 1100
-5.496555 -2.044705 1103 1103
-5.495824 -2.044997 1105 1105
-5.49589 -2.045036 1107 1107
-5.495916 -2.045115 1108 1108
-5.495776 -2.045055 1111 1111
-5.495293 -2.044588 1114 1114
-5.495292 -2.044603 1121 1121
-5.495297 -2.044578 1123 1123
-5.495305 -2.044675 1126 1126
-5.494766 -2.044699 1127 1127
-5.49477 -2.044708 1129 1129
-5.494792 -2.044814 1130 1130
-5.494834 -2.044871 1132 1132
-5.494731 -2.044887 1134 1134
-5.494531 -2.044774 1137 1137
-5.493974 -2.044596 1141 1141
-5.493844 -2.045047 1143 1143
-5.493804 -2.045049 1150 1150
-5.493467 -2.045531 1153 1153
-5.493527 -2.045787 1155 1155
-5.493567 -2.045707 1157 1157
-5.493408 -2.045111 1160 1160
-5.493268 -2.045024 1162 1162
-5.493603 -2.044942 1163 1163
-5.494361 -2.044493 1164 1164
-5.495507 -2.044948 1170 1170
-5.496024 -2.045051 1171 1171
-5.496032 -2.045043 1173 1173
-5.49609 -2.045017 1175 1175
-5.496095 -2.04502 1184 1184
-5.496088 -2.045023 1187 1187
-5.498628 -2.044834 1188 1188
-5.498993 -2.044924 1191 1191
-5.499033 -2.044933 1194 1194
-5.499575 -2.044875 1196 1196
-5.500945 -2.044861 1198 1198
-5.501349 -2.045753 1200 1200
-5.501381 -2.046812 1201 1201
-5.501368 -2.046953 1202 1202
-5.501481 -2.047584 1203 1203
-5.501714 -2.048818 1204 1204
-5.501775 -2.048929 1206 1206
-5.501769 -2.048935 1209 1209
-5.501761 -2.04894 1210 1210
-5.501704 -2.048976 1211 1211
-5.501519 -2.049017 1212 1212
-5.50152 -2.049041 1214 1214
-5.50152 -2.049041 1216 1216
-5.501785 -2.048816 1232 1232
-5.50238 -2.048835 1272 1272
-5.502271 -2.048961 1273 1273
-5.50229 -2.049038 1285 1285
-5.502614 -2.049167 1286 1286
-5.502558 -2.049492 1289 1289
-5.50247 -2.049565 1291 1291
-5.502338 -2.049501 1293 1293
-5.502324 -2.049485 1298 1298
-5.502261 -2.049475 1302 1302
-5.502256 -2.049495 1305 1305
-5.502248 -2.049518 1329 1329
-5.502218 -2.049481 1332 1332
-5.502198 -2.049497 1382 1382
-5.502185 -2.049447 1402 1402
-5.502186 -2.049456 1418 1418
-5.50213 -2.04946 1425 1425
-5.5021 -2.04947 1484 1484
-5.502104 -2.049407 1487 1487
-5.502174 -2.049362 1491 1491
-5.502106 -2.049357 1559 1559
-5.502167 -2.049307 1562 1562
-5.502112 -2.049305 1564 1564
-5.502057 -2.049307 1565 1565
-5.501945 -2.049306 1607 1607
-5.501889 -2.049257 1634 1634
-5.50245719839142 -2.04958834210526 1637 1637
-5.50241084550617 -2.04957885908947 1639 1639
-5.50240940327346 -2.04957915643684 1641 1641
-5.50240064831153 -2.04958038468421 1648 1648
-5.50245164444129 -2.04955478071053 1650 1650
-5.50251970699142 -2.04946363867368 1652 1652
-5.50251833754745 -2.04945823556789 1654 1654
-5.50251554956944 -2.04944571673684 1659 1659
-5.50257022745523 -2.04961412854211 1661 1661
-5.50266626458016 -2.0498839679 1663 1663
-5.5027788230563 -2.05268852631579 1666 1666
-5.50140768632708 -2.0545385 1668 1668
-5.50115444414424 -2.05409394878947 1670 1670
-5.50115996085362 -2.05398763021053 1673 1673
-5.5003703655303 -2.05613496815789 1674 1674
-5.49959986794433 -2.05636128128003 1676 1676
-5.49956547888573 -2.05645948188268 1679 1679
-5.49930484028755 -2.05632141199297 1683 1683
-5.49957973992996 -2.05705735917723 1686 1686
-5.50147418810607 -2.0581671802861 1687 1687
-5.50263269266465 -2.05878081486472 1691 1691
-5.50483862986505 -2.06074263639039 1693 1693
-5.50545349704946 -2.06321455716453 1695 1695
-5.50566969179874 -2.06511336305486 1697 1697
-5.50593433220346 -2.06635938332951 1700 1700
-5.50710249941551 -2.06764478922005 1702 1702
-5.5071590743689 -2.06792069779588 1704 1704
-5.50855206501611 -2.06979650146046 1707 1707
-5.50856882299993 -2.07110440497914 1709 1709
-5.50746613090647 -2.07218918859562 1710 1710
-5.5074711750596 -2.0725473178933 1713 1713
-5.50746398756034 -2.07257504882313 1748 1748
-5.50756120313818 -2.0726436791617 1770 1770
-5.50767436862987 -2.07289135052247 1774 1774
-5.50879284875506 -2.07446148954046 1776 1776
-5.50976611391207 -2.07556514915804 1780 1780
-5.50937810960945 -2.07612214054479 1782 1782
-5.50936901672743 -2.07759329404924 1784 1784
-5.51014383216422 -2.07901393041315 1786 1786
-5.51132709161651 -2.0799913984364 1787 1787
-5.51132709161651 -2.0799913984364 1791 1791
-5.51168356912417 -2.08028024428755 1793 1793
-5.51171737902685 -2.08119137038149 1795 1795
-5.51146002264738 -2.0829054243522 1796 1796
-5.51152091948479 -2.08446240332936 1797 1797
-5.51143443823348 -2.08721271347697 1800 1800
-5.5114347993563 -2.08701866784808 1803 1803
-5.51171513446249 -2.08804386506787 1806 1806
-5.51181149286947 -2.08905643553395 1813 1813
-5.51269128702012 -2.08947833989481 1816 1816
-5.51298309044081 -2.09008755291572 1818 1818
-5.51296779375318 -2.09141066186757 1820 1820
-5.51321367624555 -2.09118641035762 1823 1823
-5.51294235763328 -2.09145265470406 1824 1824
-5.51290420345343 -2.09149491571143 1825 1825
-5.51289996410011 -2.0915033679129 1850 1850
-5.51291614944235 -2.09209024415566 1852 1852
-5.51263288484116 -2.09276274593259 1854 1854
-5.51262864548784 -2.09309238179009 1856 1856
-5.51241936048478 -2.09392069753458 1857 1857
-5.51231917269572 -2.09474901327907 1859 1859
-5.51313343630958 -2.09540334890841 1860 1860
-5.51382371749209 -2.09596929141473 1863 1863
-5.51438223279054 -2.09603138740616 1864 1864
-5.51457966201811 -2.09798026454613 1865 1865
-5.51520312675299 -2.10015025739606 1866 1866
-5.51524704645335 -2.10069506939869 1867 1867
-5.51522209361973 -2.10064045127276 1870 1870
-5.51527574857105 -2.10066541907592 1871 1871
-5.51532063484396 -2.1016375574807 1872 1872
-5.51555408924815 -2.10186186200343 1873 1873
-5.51548942723988 -2.10306809258024 1877 1877
-5.51550203846813 -2.10310531607553 1884 1884
-5.51552836315648 -2.10322234525715 1891 1891
-5.5158636739592 -2.10331283452613 1892 1892
-5.51613962024955 -2.10402481755041 1893 1893
-5.51601588878791 -2.10570729249062 1897 1897
-5.51613459068077 -2.106569417041 1898 1898
-5.51605404296776 -2.1074442198936 1900 1900
-5.51596925590142 -2.10849651897717 1902 1902
-5.51598197396137 -2.10970095768727 1904 1904
-5.51595229848815 -2.1109096224981 1905 1905
-5.51593534107489 -2.11142943288878 1906 1906
-5.51591838366162 -2.1125789322893 1910 1910
-5.51591802112908 -2.1125777996943 1911 1911
-5.51591876048926 -2.11261066185363 1912 1912
-5.51594381978152 -2.11383408420824 1915 1915
-5.51594381978152 -2.11383408420824 1920 1920
-5.51594408822076 -2.11485264210352 1923 1923
-5.51600969390569 -2.11495350053327 1927 1927
-5.51604556426112 -2.11604856099453 1930 1930
-5.51609807831768 -2.11606406233204 1942 1942
-5.51718722244846 -2.11577401658624 1946 1946
-5.51839416599859 -2.11560904651786 1947 1947
-5.51949855993113 -2.11516886262684 1950 1950
-5.52054775748348 -2.11500048801171 1952 1952
-5.52019127874179 -2.11507596786131 1954 1954
-5.51957368975061 -2.11516942047214 1957 1957
-5.51752563963557 -2.11600849025945 1959 1959
-5.51744918211728 -2.11682395082049 1961 1961
-5.51745871655586 -2.11684585623587 1973 1973
-5.51745910922474 -2.116838759217 1975 1975
-5.51746146844005 -2.11684527209146 1981 1981
-5.51746146844005 -2.11684527209146 1997 1997
-5.51741457669759 -2.11685124446449 2000 2000
-5.51741148405097 -2.11691347766567 2001 2001
-5.517478280061 -2.11692822563345 2002 2002
-5.5175004668639 -2.11683407431169 2004 2004
-5.5175004668639 -2.11683407431169 2006 2006
-5.51904484229453 -2.11538053110836 2007 2007
-5.5201704550383 -2.11511881883235 2009 2009
-5.52111583082793 -2.11515685373898 2011 2011
-5.52228447203244 -2.11543182973539 2013 2013
-5.52344462418863 -2.11566553547456 2014 2014
-5.52441501693703 -2.11598430762635 2015 2015
-5.52561522512865 -2.11630883785431 2017 2017
-5.52655237346295 -2.11705104266173 2020 2020
-5.52764217944447 -2.11754865724853 2022 2022
-5.52810863336652 -2.11775529381423 2024 2024
-5.52810939326236 -2.11777886219053 2027 2027
-5.5281285891134 -2.1177765309927 2032 2032
-5.52811883598594 -2.11777957234558 2034 2034
-5.52903170666574 -2.11713298881979 2038 2038
-5.52896080998519 -2.11722084592885 2040 2040
-5.53098384548444 -2.11849365377229 2041 2041
-5.53196263047031 -2.11921904459095 2042 2042
-5.53312282819063 -2.11971247904318 2043 2043
-5.53310619495783 -2.12013817896606 2045 2045
-5.53311582238199 -2.12137130444777 2047 2047
-5.53316201520488 -2.12219641575557 2048 2048
-5.53322920476545 -2.12342987296571 2049 2049
-5.53313940658965 -2.12462050858287 2050 2050
-5.53296464587071 -2.12548844148365 2051 2051
-5.53300243999853 -2.12663770366238 2054 2054
-5.53289274514613 -2.12782117428237 2055 2055
-5.53288507780943 -2.12790479678756 2056 2056
-5.53282863068378 -2.12849646053178 2058 2058
-5.53261561302558 -2.12894403937191 2061 2061
-5.53261142275469 -2.12899021581929 2063 2063
-5.53259759486075 -2.12897636288508 2086 2086
-5.53260962429043 -2.12898850309288 2088 2088
-5.53254266208549 -2.12896870599053 2093 2093
-5.53253685437004 -2.12897705133393 2095 2095
-5.5326023985873 -2.1289757583934 2122 2122
-5.53261491241229 -2.12898566534029 2123 2123
-5.53220730530086 -2.12935945960372 2124 2124
-5.53179722725584 -2.13010232920484 2125 2125
-5.5317804298657 -2.13072958218883 2128 2128
-5.53195599450772 -2.13171262148485 2130 2130
-5.53181402464598 -2.13288076524132 2131 2131
-5.53173868940943 -2.13318841388609 2133 2133
-5.53142348532518 -2.13351643772846 2136 2136
-5.53133949837447 -2.13414790046402 2138 2138
-5.53125971077129 -2.13430366127213 2143 2143
-5.53126668118428 -2.13425717113325 2145 2145
-5.5311945924969 -2.13436934013223 2147 2147
-5.53120709781791 -2.13440268641637 2149 2149
-5.53120694361787 -2.13440269820368 2152 2152
-5.53120694361787 -2.13440269820368 2161 2161
-5.53117677365747 -2.13439169896477 2163 2163
-5.5311089372294 -2.13454704216552 2165 2165
-5.53099041484456 -2.13461922761765 2167 2167
-5.53087743559846 -2.13480394309706 2170 2170
-5.53119252121072 -2.13484671922471 2172 2172
-5.53130170424665 -2.13484671922471 2174 2174
-5.53145796566387 -2.1346796695468 2177 2177
-5.53195700634477 -2.13461357596197 2179 2179
-5.53331536701408 -2.13566545794795 2181 2181
-5.53384374678216 -2.1364310872844 2183 2183
-5.53392000640397 -2.1379425446148 2184 2184
-5.5340188660284 -2.13827248516132 2186 2186
-5.53472897220838 -2.13979638097183 2188 2188
-5.53486934061882 -2.14045823779731 2190 2190
-5.53511620996119 -2.14163574894026 2191 2191
-5.53488775017857 -2.14296708448281 2193 2193
-5.53487908957414 -2.14412199913822 2194 2194
-5.53442873747685 -2.14492617472688 2197 2197
-5.53406888279951 -2.14522508256069 2199 2199
-5.53365730101388 -2.14555681768852 2202 2202
-5.53365343132179 -2.14567078037394 2204 2204
-5.53366109064338 -2.14568783905443 2206 2206
-5.53362187164759 -2.14653135321989 2208 2208
-5.53360309196513 -2.14749953661061 2211 2211
-5.53310814800473 -2.14758554107357 2213 2213
-5.53308602103861 -2.14870579999361 2215 2215
-5.53285086885702 -2.14926450733258 2218 2218
-5.53260647945352 -2.15035647620192 2220 2220
-5.53256478018525 -2.15051307881655 2226 2226
-5.53258934038708 -2.15046333725504 2228 2228
-5.5325831046785 -2.15145040895269 2231 2231
-5.53253559069747 -2.15202831492572 2234 2234
-5.53248972150237 -2.15226956760232 2240 2240
-5.53248475545311 -2.15262819605484 2243 2243
-5.53248475545311 -2.15262819605484 2245 2245
-5.53246846977053 -2.15296986909994 2252 2252
-5.53147745875655 -2.15384798345095 2254 2254
-5.53126971461177 -2.15423169750072 2256 2256
-5.53106929524511 -2.154601893525 2257 2257
-5.53106929524511 -2.154601893525 2270 2270
-5.53040746381295 -2.15478879696923 2272 2272
-5.52866419076216 -2.15473411240011 2274 2274
-5.52763865430124 -2.15476355793733 2276 2276
-5.52684128493178 -2.15468519814673 2279 2279
-5.52548306950733 -2.1552071988714 2281 2281
-5.52434680887116 -2.1556721630857 2283 2283
-5.52378008813817 -2.15493448675696 2286 2286
-5.52258654939151 -2.15492704460776 2288 2288
-5.5214581520456 -2.15463117584981 2293 2293
-5.52027211533027 -2.15471944683998 2295 2295
-5.51904587564743 -2.15506624681227 2299 2299
-5.51792315564966 -2.15545659692293 2300 2300
-5.51682153941125 -2.15593928791999 2301 2301
-5.51572836467658 -2.15637580847386 2311 2311
-5.51524297821137 -2.15656049024664 2315 2315
-5.51520281353657 -2.15662427429419 2320 2320
-5.51409493370238 -2.15735797972005 2322 2322
-5.51294688919338 -2.1579791820467 2324 2324
-5.51186088973689 -2.15859504539119 2326 2326
-5.51045242483744 -2.15921738938698 2327 2327
-5.50969154652099 -2.15941194659783 2328 2328
-5.50843490544295 -2.15954058248936 2329 2329
-5.50782711717348 -2.1605815161178 2330 2330
-5.50625478580337 -2.16051270201033 2333 2333
-5.50565342995976 -2.16057312149176 2334 2334
-5.50428785802912 -2.16038964518727 2335 2335
-5.50347130124229 -2.16022474451128 2336 2336
-5.50338599140546 -2.16020895757755 2337 2337
-5.50338545114923 -2.16021011603595 2347 2347
-5.50192228530552 -2.16045559672726 2348 2348
-5.50128014686902 -2.16066607182801 2349 2349
-5.49991602687702 -2.16093510448213 2353 2353
-5.49815315388444 -2.16171479063263 2355 2355
-5.4975880796239 -2.16210055391963 2356 2356
-5.49652394366211 -2.16239895265455 2358 2358
-5.49618354508859 -2.16245645449976 2361 2361
-5.49419408862915 -2.16373369819424 2363 2363
-5.49404767918823 -2.16401426170669 2367 2367
-5.49283872078823 -2.16453711427363 2368 2368
-5.49252267088811 -2.16469908018836 2370 2370
-5.49264530422594 -2.16472774515 2374 2374
-5.49214928967116 -2.16433740108346 2375 2375
-5.49050929627196 -2.16470825685776 2377 2377
-5.4895494550889 -2.16416785482142 2379 2379
-5.4871834197709 -2.16502647060376 2381 2381
-5.4868433031436 -2.16443468976244 2382 2382
-5.48468895541495 -2.16348185941317 2383 2383
-5.48365146083897 -2.16329043507675 2393 2393
-5.48142209346656 -2.16274732963504 2395 2395
-5.47969580595119 -2.16248709622793 2397 2397
-5.47969540075901 -2.16248611405668 2401 2401
-5.47764452054173 -2.16216810043857 2402 2402
-5.47609056418872 -2.1626468857983 2403 2403
-5.47404028770789 -2.16332306105376 2404 2404
-5.47379761259619 -2.16334132366544 2405 2405
-5.47193516844053 -2.16423862754874 2406 2406
-5.47193516844053 -2.16423862754874 2409 2409
-5.4712897110299 -2.16446541924933 2410 2410
-5.47076773594993 -2.16497575265376 2412 2412
-5.46881756696041 -2.16670393733109 2415 2415
-5.46826913909517 -2.16703992503567 2420 2420
-5.46812882458521 -2.16723532708496 2424 2424
-5.46424440553899 -2.16800903986421 2427 2427
-5.46277882512342 -2.1682507110873 2429 2429
-5.46215490853442 -2.16854262403144 2433 2433
-5.4599236886366 -2.16840607115928 2436 2436
-5.45827227093491 -2.16860890236437 2438 2438
-5.45725886642508 -2.16851403484362 2441 2441
-5.4539304361591 -2.16882468024212 2442 2442
-5.45184807868518 -2.16908033456218 2443 2443
-5.45026119720467 -2.16907570310581 2444 2444
-5.4483764354488 -2.16930370713074 2447 2447
-5.44581694918991 -2.16930802268829 2449 2449
-5.44481349542204 -2.1691041301495 2450 2450
-5.44294491840436 -2.16905340479254 2451 2451
-5.44287650494162 -2.1690663297148 2452 2452
-5.44251833736121 -2.16925192044008 2454 2454
-5.44248808474046 -2.16935450141578 2462 2462
-5.44251362385186 -2.16935160999222 2464 2464
-5.44254367880932 -2.16974820955891 2468 2468
-5.44259311659572 -2.17007858447821 2474 2474
-5.44176353388217 -2.17067068415343 2476 2476
-5.44105275694564 -2.17008913860576 2477 2477
-5.44101896834816 -2.17003303635755 2478 2478
-5.44101917462755 -2.17003291034327 2518 2518
-5.44095170555611 -2.1699270393591 2519 2519
-5.4408122088246 -2.16977410290424 2520 2520
-5.44090493183168 -2.16978704957691 2525 2525
-5.44090834110116 -2.16978747077532 2531 2531
-5.44088708469449 -2.16978805251248 2534 2534
-5.44087337497107 -2.16964175511137 2538 2538
-5.44088466543091 -2.16960388523071 2542 2542
-5.44086682505144 -2.16951687668551 2547 2547
-5.43918019963118 -2.16957127169915 2549 2549
-5.43933798562368 -2.17125433914563 2551 2551
-5.43883600701469 -2.1722847751804 2552 2552
-5.43847686801211 -2.17282898425032 2553 2553
-5.43693477162812 -2.17313592223965 2554 2554
-5.43489478505544 -2.17333443788718 2556 2556
-5.43265231740422 -2.17374248029971 2558 2558
-5.43160075387184 -2.17406722507152 2559 2559
-5.43071211145202 -2.17457214499066 2560 2560
-5.42956970979115 -2.17592290948181 2561 2561
-5.42841485558276 -2.17669892296248 2562 2562
-5.42671183148137 -2.1782804721758 2563 2563
-5.42671183148137 -2.1782804721758 2569 2569
-5.42517688793814 -2.17907335551474 2572 2572
-5.42333241158094 -2.18006867715299 2574 2574
-5.42245469524544 -2.18058320783039 2576 2576
-5.42059749836164 -2.18203401564207 2579 2579
-5.41842652848834 -2.18355652035143 2581 2581
-5.41747754328247 -2.18427369007945 2583 2583
-5.41518279420498 -2.18578755910835 2585 2585
-5.41510223086984 -2.18628100246291 2586 2586
-5.41500470683256 -2.18630630725032 2587 2587
-5.41503917902131 -2.18668986598157 2588 2588
-5.41238483120259 -2.18681844498197 2589 2589
-5.41011269025106 -2.1872118987539 2592 2592
-5.40976910558015 -2.18723950990118 2593 2593
-5.40602199656015 -2.18797342218344 2594 2594
-5.40490902548408 -2.18858687161279 2595 2595
-5.40372801785614 -2.18953920066056 2596 2596
-5.40176750712596 -2.1908883646443 2597 2597
-5.40176750712596 -2.1908883646443 2599 2599
-5.40021774740117 -2.19120989675899 2600 2600
-5.39844324815692 -2.19160266515983 2601 2601
-5.39803913465903 -2.19188103243427 2603 2603
-5.39595485818528 -2.19257217756073 2606 2606
-5.3952366768494 -2.19292755516118 2608 2608
-5.39524427379677 -2.1929233760729 2614 2614
-5.3935212566298 -2.19400559141988 2616 2616
-5.39141477617308 -2.19458175327757 2617 2617
-5.39033120433298 -2.19430252802008 2621 2621
-5.38964274142478 -2.19394123253644 2622 2622
-5.38845846999953 -2.19471399186898 2623 2623
-5.38685906743111 -2.19698643418028 2624 2624
-5.38685906743111 -2.19698643418028 2626 2626
-5.38609084157753 -2.19921814107795 2627 2627
-5.38605132370378 -2.19955646446226 2628 2628
-5.38460508941834 -2.20118028483337 2629 2629
-5.38280384243351 -2.2029968266206 2630 2630
-5.38093995019859 -2.20471710068755 2633 2633
-5.3802262977663 -2.20585831444204 2634 2634
-5.38008380169368 -2.20609976991219 2635 2635
-5.37892073361076 -2.20819146256234 2637 2637
-5.37748503283522 -2.20985678930037 2638 2638
-5.37748503283522 -2.20985678930037 2645 2645
-5.37533987758286 -2.21161510382581 2649 2649
-5.3735137669473 -2.21322125651732 2652 2652
-5.37133922600656 -2.21462452676358 2654 2654
-5.37029813304651 -2.21554172448478 2656 2656
-5.36934519715163 -2.21654345655817 2658 2658
-5.36748550287219 -2.21764240313657 2660 2660
-5.36568457996953 -2.21867794895083 2661 2661
-5.36377870817977 -2.21984874972858 2662 2662
-5.36294598493813 -2.22026999285896 2663 2663
-5.36257077836412 -2.22040149097037 2664 2664
-5.36159069434947 -2.22187514676589 2667 2667
-5.35996682090828 -2.2250388408813 2668 2668
-5.35936690690031 -2.22587252429251 2670 2670
-5.35797442296241 -2.22746672139468 2671 2671
-5.35765338664414 -2.22805145992028 2674 2674
-5.35693655172785 -2.22924674187293 2676 2676
-5.35666464529778 -2.23076170209142 2678 2678
-5.35592807412261 -2.23286368828809 2681 2681
-5.35519500340414 -2.23393402394191 2683 2683
-5.35497939354722 -2.23408192170837 2685 2685
-5.35469614138225 -2.234204465572 2688 2688
-5.35468897806183 -2.23420054416837 2690 2690
-5.35464963729547 -2.23415798341683 2692 2692
-5.35461669210933 -2.2341668792562 2697 2697
-5.35461417581547 -2.23416716321991 2703 2703
-5.35464694682267 -2.23424194878193 2707 2707
-5.35404508416725 -2.23407347040743 2710 2710
-5.3540602346745 -2.23406247389579 2735 2735
-5.3540491976482 -2.23405012740715 2737 2737
-5.35424801109141 -2.23363400275853 2738 2738
-5.35418459642761 -2.23314805295446 2739 2739
-5.35358004329939 -2.23193951691998 2740 2740
-5.35358004329939 -2.23193951691998 2742 2742
-5.35375760435803 -2.23174261513015 2744 2744
-5.3533581274883 -2.23109521843396 2746 2746
-5.35265418920792 -2.22986472253913 2749 2749
-5.35199890434866 -2.22932383927894 2751 2751
-5.35144508295148 -2.22868154040747 2754 2754
-5.35162264401012 -2.22771809210027 2756 2756
-5.35187274637097 -2.22747376499009 2758 2758
-5.35249776637055 -2.22635371407646 2760 2760
-5.3525019940148 -2.22599990881389 2761 2761
-5.35226947358087 -2.22537708173979 2763 2763
-5.35221965924864 -2.22534136417565 2769 2769
-5.352205473642 -2.2253497128778 2770 2770
-5.35220548175908 -2.22534964019661 2773 2773
-5.35221667187349 -2.22531430038169 2775 2775
-5.35139936330956 -2.22521193959478 2777 2777
-5.3505648694602 -2.22463833936016 2778 2778
-5.35054665931719 -2.22482803896283 2781 2781
-5.35054008251418 -2.22489573251994 2783 2783
-5.35053990074325 -2.22489543883856 2790 2790
-5.35034591810369 -2.22473538924007 2792 2792
-5.35035720442645 -2.22477853508495 2795 2795
-5.35031584327585 -2.22479499980806 2803 2803
-5.35031605455978 -2.22479485447021 2808 2808
-5.3503198109223 -2.22479638567865 2810 2810
-5.35031969253985 -2.22479637374405 2812 2812
-5.35032018500689 -2.22479635788526 2816 2816
-5.3503165648883 -2.22479540233214 2914 2914
-5.3503165648883 -2.22479540233214 2947 2947
-5.3503750478879 -2.22479894023572 2949 2949
-5.3503255134071 -2.22471539966533 2951 2951
-5.35030398135064 -2.22462154213572 2953 2953
-5.35030672501769 -2.22463870899361 2954 2954
-5.35031332295571 -2.22466222882103 2955 2955
-5.35031018140859 -2.22466077729239 2963 2963
-5.3502905559633 -2.22419768617021 2965 2965
-5.34999085688073 -2.22335407978723 2969 2969
-5.34986827114129 -2.22320892665745 2971 2971
-5.34989450009982 -2.22323886871915 2981 2981
-5.34978282869578 -2.22297191757447 2989 2989
-5.34976951853064 -2.22288690931915 3008 3008
-5.34936477139376 -2.22288455744681 3010 3010
-5.34896835412844 -2.22368640957447 3019 3019
-5.3489022440367 -2.22392500531915 3020 3020
-5.34854524954129 -2.22356285106383 3021 3021
-5.3483865853211 -2.22367362765957 3024 3024
-5.34847922742004 -2.22369645019468 3040 3040
-5.34846459375293 -2.22415164310344 3042 3042
-5.34816020336669 -2.22473055721785 3044 3044
-5.34845628643197 -2.22534399996739 3046 3046
-5.34918180683626 -2.22691521851094 3049 3049
-5.34926361851679 -2.22763357909087 3051 3051
-5.34928898438231 -2.22821249320528 3053 3053
-5.34974134231742 -2.22934074188082 3056 3056
-5.35014719616573 -2.2291886184639 3057 3057
-5.35038394424391 -2.22919706976484 3060 3060
-5.35043890361921 -2.22913791065825 3063 3063
-5.35046438616771 -2.2291291669423 3070 3070
-5.35044840736349 -2.22913437294368 3071 3071
-5.3505166347775 -2.22914278874916 3090 3090
-5.35052583179774 -2.22913982207209 3092 3092
-5.3505258581106 -2.22913976840632 3098 3098
-5.3504938629945 -2.22885901772722 3101 3101
-5.35053739779619 -2.22884982947284 3103 3103
-5.35050513220302 -2.22847635803298 3104 3104
-5.35068329933674 -2.22821725635849 3105 3105
-5.3508828062658 -2.22825052405952 3107 3107
-5.35089126155431 -2.22834348836986 3110 3110
-5.3508518463814 -2.22868613453467 3112 3112
-5.3510714268418 -2.22890139085988 3114 3114
-5.35119142429629 -2.22878718166923 3117 3117
-5.35122524545031 -2.2290745259012 3119 3119
-5.35129711540262 -2.22942525489023 3121 3121
-5.35135825897593 -2.22955160860033 3124 3124
-5.35144508295148 -2.23014361547016 3128 3128
-5.35100780756002 -2.22987212249823 3131 3131
-5.35082361924625 -2.22965344001562 3132 3132
-5.35072638342843 -2.22956892700621 3133 3133
-5.35061223703359 -2.22924777757048 3135 3135
-5.3506206923221 -2.22923932626954 3151 3151
-5.35062267424172 -2.22923826411004 3153 3153
-5.35065652583479 -2.22923351954969 3155 3155
-5.35067043985755 -2.22923608096998 3165 3165
-5.35068996480977 -2.22921416370417 3182 3182
-5.35067109091477 -2.22921725654226 3185 3185
-5.35055680416214 -2.22916057535712 3187 3187
-5.35054932292287 -2.22917468733943 3203 3203
-5.35051951972194 -2.22889054615051 3205 3205
-5.35048551728146 -2.22888659252375 3206 3206
-5.35056412914768 -2.2288719108122 3212 3212
-5.35065874112038 -2.22828432926328 3213 3213
-5.3506841069859 -2.22822094450622 3216 3216
-5.35089126155431 -2.22824207275858 3219 3219
-5.35090467164188 -2.22822214121044 3227 3227
-5.35042622068645 -2.22858857609713 3230 3230
-5.35038817188817 -2.22866041215512 3233 3233
-5.35040336169559 -2.228647990433 3240 3240
-5.35040085482093 -2.22918016716296 3246 3246
-5.35046426948473 -2.22912945935731 3255 3255
-5.35038817188817 -2.22871111996077 3257 3257
-5.35040462401944 -2.22864713009057 3260 3260
-5.35040453692996 -2.22864723319644 3296 3296
-5.35040453290006 -2.22864724275559 3308 3308
-5.35040447379619 -2.22906432687123 3309 3309
-5.35040328315104 -2.23009554278015 3310 3310
-5.35135644683849 -2.2317384993466 3312 3312
-5.3522398800711 -2.23317340685728 3314 3314
-5.35246176375209 -2.23304398363468 3315 3315
-5.35264573391942 -2.23482141054065 3316 3316
-5.35316141430412 -2.23569810675808 3317 3317
-5.35353651030928 -2.23599156256415 3323 3323
-5.35510432731959 -2.23724007541626 3324 3324
-5.35538670296392 -2.23749012438785 3325 3325
-5.356377125 -2.23858217826445 3328 3328
-5.35687444329897 -2.24069491870715 3330 3330
-5.35716946262887 -2.24176179431929 3333 3333
-5.35716934462113 -2.24176849563173 3335 3335
-5.35805531295619 -2.24236800971205 3339 3339
-5.35853076610825 -2.24343295494613 3342 3342
-5.35796180025773 -2.24426645151812 3344 3344
-5.35738019072165 -2.24425394906954 3346 3346
-5.35723033898305 -2.24530926775057 3348 3348
-5.35709372881356 -2.24751968717843 3349 3349
-5.35686898305085 -2.24857427660012 3351 3351
-5.35657372881356 -2.25061174336283 3353 3353
-5.35634457627119 -2.25091546511628 3355 3355
-5.35611539023729 -2.25131089396584 3356 3356
-5.35576504825763 -2.25340805892653 3360 3360
-5.35545 -2.25404970487755 3362 3362
-5.35498288135593 -2.25552191171023 3363 3363
-5.35476694915254 -2.25655962770117 3364 3364
-5.35420288135593 -2.25828071763737 3366 3366
-5.35406035975593 -2.25828022427176 3369 3369
-5.35155 -2.25935939388146 3371 3371
-5.35054966101695 -2.25974633539535 3374 3374
-5.35026329613559 -2.26054883069965 3376 3376
-5.35030065681356 -2.26059899034723 3384 3384
-5.35013501477966 -2.26059893635225 3385 3385
-5.35028408908475 -2.26099356371385 3387 3387
-5.3513120338983 -2.26319932270014 3389 3389
-5.35150158888136 -2.26341201735674 3391 3391
-5.35143930715932 -2.26339994947907 3398 3398
-5.35155823010169 -2.263624769383 3400 3400
-5.3516719620339 -2.26366625271249 3405 3405
-5.35161841084746 -2.26366307038345 3407 3407
-5.35164300772881 -2.2635142247888 3410 3410
-5.35169726047458 -2.26324683709999 3412 3412
-5.35197413667797 -2.26318216979476 3419 3419
-5.35201541586441 -2.26319247698056 3425 3425
-5.35216063864407 -2.2630199581313 3426 3426
-5.35253873575593 -2.26297311715008 3430 3430
-5.35273238833898 -2.26288553243558 3431 3431
-5.35310118644068 -2.26304324346573 3432 3432
-5.35313191050847 -2.26302672403956 3437 3437
-5.35333474576271 -2.26345664251904 3439 3439
-5.35378751468988 -2.2637099088729 3441 3441
-5.35378471674951 -2.2637882362307 3451 3451
-5.35353210399739 -2.26401002243118 3457 3457
-5.3533486398259 -2.26436245203837 3458 3458
-5.35332765708292 -2.26441032567578 3460 3460
-5.35332301677301 -2.26441826878945 3466 3466
-5.3531701127704 -2.2645719499554 3467 3467
-5.35315861153428 -2.26452878657074 3471 3471
-5.35324910119695 -2.26490410551559 3472 3472
-5.35331244396083 -2.26503205515588 3473 3473
-5.35333959085963 -2.26513867985611 3478 3478
-5.35331244396083 -2.26503205515588 3480 3480
-5.35375584330794 -2.26563768345324 3482 3482
-5.35397301849837 -2.26580828297362 3485 3485
-5.35406803264418 -2.26647788609113 3489 3489
-5.35406884162176 -2.26647635069544 3492 3492
-5.35404078620675 -2.2665270528729 3496 3496
-5.35403919177889 -2.26653472985132 3505 3505
-5.35425136470076 -2.26683517266667 3506 3506
-5.35430605854801 -2.2671925217037 3507 3507
-5.35411237236534 -2.2675488 3512 3512
-5.35401804719438 -2.26750485128296 3540 3540
-5.35401131498548 -2.26749638624889 3555 3555
-5.35401136502108 -2.26749636096 3557 3557
-5.35401121168618 -2.26749642671111 3566 3566
-5.35398235890117 -2.26745349629333 3567 3567
-5.35394632358688 -2.26747673172444 3571 3571
-5.35399880931429 -2.26748334729778 3578 3578
-5.35399977613115 -2.26748325457185 3585 3585
-5.3539950436191 -2.26748227758115 3589 3589
-5.3539866527463 -2.26755534779911 3591 3591
-5.35398669319443 -2.267555045344 3594 3594
-5.35398737133817 -2.26756909939111 3596 3596
-5.35398780125694 -2.26757138398933 3600 3600
-5.35388640515222 -2.26784805185185 3601 3601
-5.35385759530098 -2.26787885203259 3602 3602
-5.35385568765349 -2.26787879808296 3607 3607
-5.35385513258117 -2.26789485989926 3609 3609
-5.35385056360614 -2.26786220025263 3610 3610
-5.35410298507513 -2.26799623267045 3614 3614
-5.35421552292754 -2.26809362718704 3615 3615
-5.35424908933449 -2.26809691433846 3618 3618
-5.35445873623188 -2.26834570850202 3621 3621
-5.35435383031664 -2.268679482617 3623 3623
-5.35436059275385 -2.26878798561296 3625 3625
-5.3543812425222 -2.26879774413279 3628 3628
-5.35445006554029 -2.26904344013927 3630 3630
-5.35426001543223 -2.26916348528907 3635 3635
-5.35422015942029 -2.26945098785425 3637 3637
-5.35420936026342 -2.2697167611336 3639 3639
-5.35427867826087 -2.27092750607287 3641 3641
-5.35443009062922 -2.27123322127935 3642 3642
-5.35476483478261 -2.27141264777328 3643 3643
-5.35513845507246 -2.27209228489069 3644 3644
-5.35535663851826 -2.27236237804049 3645 3645
-5.35535663852 -2.27236237804 3646 3646
-5.35535663852 -2.27236237804 3647 3647
-5.35535663852 -2.27236237804 3648 3648
-5.35562301255 -2.27294769 3649 3649
-5.35562301255 -2.27294769 3650 3650
-5.35583520699 -2.2743722033 3651 3651
-5.35494367241 -2.27563217618 3652 3652
-5.35494367241 -2.27563217618 3653 3653
-5.35494367241 -2.27563217618 3654 3654
-5.35459642247 -2.27598934156 3655 3655
-5.35459642247 -2.27598934156 3656 3656
-5.35457653328 -2.27599748828 3657 3657
-5.35457653328 -2.27599748828 3658 3658
-5.35457653328 -2.27599748828 3659 3659
-5.35457653328 -2.27599748828 3660 3660
-5.35414548984 -2.2761228819 3661 3661
-5.35414548984 -2.2761228819 3662 3662
-5.35414548984 -2.2761228819 3663 3663
-5.35413220074 -2.27609310463 3664 3664
-5.35413220074 -2.27609310463 3665 3665
-5.35413220074 -2.27609310463 3666 3666
-5.35413220074 -2.27609310463 3667 3667
-5.35413220074 -2.27609310463 3668 3668
-5.35413220074 -2.27609310463 3669 3669
-5.35413220074 -2.27609310463 3670 3670
-5.35428106381 -2.27606406993 3671 3671
-5.35428106381 -2.27606406993 3672 3672
-5.35428106381 -2.27606406993 3673 3673
-5.35428106381 -2.27606406993 3674 3674
-5.35428106381 -2.27606406993 3675 3675
-5.35428106381 -2.27606406993 3676 3676
-5.35428106381 -2.27606406993 3677 3677
-5.35428106381 -2.27606406993 3678 3678
-5.3543866935 -2.27621096003 3679 3679
-5.35433197105 -2.27643880061 3680 3680
-5.35433197105 -2.27643880061 3681 3681
-5.35433197105 -2.27643880061 3682 3682
-5.35433197105 -2.27643880061 3683 3683
-5.35433197105 -2.27643880061 3684 3684
-5.35433197105 -2.27643880061 3685 3685
-5.35428731281 -2.27675581215 3686 3686
-5.35428731281 -2.27675581215 3687 3687
-5.35428731281 -2.27675581215 3688 3688
-5.35428731281 -2.27675581215 3689 3689
-5.35428731281 -2.27675581215 3690 3690
-5.35433145573 -2.2772959477 3691 3691
-5.35433145573 -2.2772959477 3692 3692
-5.35430465239 -2.27740989428 3693 3693
-5.35430465239 -2.27740989428 3694 3694
-5.35430465239 -2.27740989428 3695 3695
-5.35430465239 -2.27740989428 3696 3696
-5.35430465239 -2.27740989428 3697 3697
-5.35440351017 -2.27802918966 3698 3698
-5.35440351017 -2.27802918966 3699 3699
-5.35442972222 -2.27842895877 3700 3700
-5.35442972222 -2.27842895877 3701 3701
-5.35442972222 -2.27842895877 3702 3702
-5.35439593124 -2.27864042502 3703 3703
-5.35439593124 -2.27864042502 3704 3704
-5.35446879788 -2.27867822509 3705 3705
-5.35446879788 -2.27867822509 3706 3706
-5.35445769155 -2.27870362266 3707 3707
-5.35445769155 -2.27870362266 3708 3708
-5.35445769155 -2.27870362266 3709 3709
-5.35445769155 -2.27870362266 3710 3710
-5.35445769155 -2.27870362266 3711 3711
-5.35438041654 -2.27937977737 3712 3712
-5.35433565211 -2.27959211856 3713 3713
-5.35433565211 -2.27959211856 3714 3714
-5.354341786 -2.27966351684 3715 3715
-5.354341786 -2.27966351684 3716 3716
-5.354341786 -2.27966351684 3717 3717
-5.35442036575 -2.2799279177 3718 3718
-5.3545044217 -2.28017244028 3719 3719
-5.35429447234 -2.28058595697 3720 3720
-5.35425393002 -2.28121463531 3721 3721
-5.35425393002 -2.28121463531 3722 3722
-5.35429835933 -2.28200506624 3723 3723
-5.35429835933 -2.28200506624 3724 3724
-5.35394319877 -2.28315541524 3725 3725
-5.35394319877 -2.28315541524 3726 3726
-5.35367170372 -2.28403340229 3727 3727
-5.35367170372 -2.28403340229 3728 3728
-5.35367170372 -2.28403340229 3729 3729
-5.3530696863 -2.28580885694 3730 3730
-5.3530696863 -2.28580885694 3731 3731
-5.3524374589 -2.28692945002 3732 3732
-5.3524374589 -2.28692945002 3733 3733
-5.35283848778 -2.28788537273 3734 3734
-5.35283848778 -2.28788537273 3735 3735
-5.35283848778 -2.28788537273 3736 3736
-5.35281236179 -2.28848798878 3737 3737
-5.35281236179 -2.28848798878 3738 3738
-5.35277917446 -2.2878946534 3739 3739
-5.35277917446 -2.2878946534 3740 3740
-5.35263398359 -2.28852670409 3741 3741
-5.35263398359 -2.28852670409 3742 3742
-5.35263398359 -2.28852670409 3743 3743
-5.35263398359 -2.28852670409 3744 3744
-5.35263398359 -2.28852670409 3745 3745
-5.35235105958 -2.28964192725 3746 3746
-5.35235105958 -2.28964192725 3747 3747
-5.35235105958 -2.28964192725 3748 3748
-5.35175644825 -2.29095852779 3749 3749
-5.35175644825 -2.29095852779 3750 3750
-5.35170103981 -2.29253638383 3751 3751
-5.3518427029 -2.29327045313 3752 3752
-5.35187999201 -2.29347691597 3753 3753
-5.35192006682 -2.29362140085 3754 3754
-5.35192006682 -2.29362140085 3755 3755
-5.35192006682 -2.29362140085 3756 3756
-5.35192006682 -2.29362140085 3757 3757
-5.35192006682 -2.29362140085 3758 3758
-5.35205230913 -2.29402938836 3759 3759
-5.35205230913 -2.29402938836 3760 3760
-5.35205230913 -2.29402938836 3761 3761
-5.35205230913 -2.29402938836 3762 3762
-5.35205230913 -2.29402938836 3763 3763
-5.35205230913 -2.29402938836 3764 3764
-5.35205230913 -2.29402938836 3765 3765
-5.35205230913 -2.29402938836 3766 3766
-5.3522217256 -2.2942628011 3767 3767
-5.3522217256 -2.2942628011 3768 3768
-5.3522217256 -2.2942628011 3769 3769
-5.3522217256 -2.2942628011 3770 3770
-5.3522217256 -2.2942628011 3771 3771
-5.3522217256 -2.2942628011 3772 3772
-5.3522217256 -2.2942628011 3773 3773
-5.3522217256 -2.2942628011 3774 3774
-5.3522217256 -2.2942628011 3775 3775
-5.3522217256 -2.2942628011 3776 3776
-5.3522217256 -2.2942628011 3777 3777
-5.3522217256 -2.2942628011 3778 3778
-5.3522217256 -2.2942628011 3779 3779
-5.3522217256 -2.2942628011 3780 3780
-5.3522217256 -2.2942628011 3781 3781
-5.35239272647 -2.29427774137 3782 3782
-5.35239272647 -2.29427774137 3783 3783
-5.35274251694 -2.29436432975 3784 3784
-5.35274251694 -2.29436432975 3785 3785
-5.35303807924 -2.29460154047 3786 3786
-5.35303807924 -2.29460154047 3787 3787
-5.35303807924 -2.29460154047 3788 3788
-5.35323858108 -2.29472913941 3789 3789
-5.35323858108 -2.29472913941 3790 3790
-5.35329346709 -2.29472883665 3791 3791
-5.35329346709 -2.29472883665 3792 3792
-5.35328351525 -2.29474934369 3793 3793
-5.35328351525 -2.29474934369 3794 3794
-5.35328351525 -2.29474934369 3795 3795
-5.35327822369 -2.29473230731 3796 3796
-5.35327822369 -2.29473230731 3797 3797
-5.35327822369 -2.29473230731 3798 3798
-5.35327822369 -2.29473230731 3799 3799
-5.35321426578 -2.29472923529 3800 3800
-5.35321426578 -2.29472923529 3801 3801
-5.35321426578 -2.29472923529 3802 3802
-5.35321426578 -2.29472923529 3803 3803
-5.35321426578 -2.29472923529 3804 3804
-5.35321875467 -2.29478690834 3805 3805
-5.35321875467 -2.29478690834 3806 3806
-5.35321875467 -2.29478690834 3807 3807
-5.35321875467 -2.29478690834 3808 3808
-5.35321875467 -2.29478690834 3809 3809
-5.35321875467 -2.29478690834 3810 3810
-5.35321875467 -2.29478690834 3811 3811
-5.35321875467 -2.29478690834 3812 3812
-5.35321875467 -2.29478690834 3813 3813
-5.35321875467 -2.29478690834 3814 3814
-5.35321875467 -2.29478690834 3815 3815
-5.35320643446 -2.29485045444 3816 3816
-5.35320643446 -2.29485045444 3817 3817
-5.35320643446 -2.29485045444 3818 3818
-5.35320643446 -2.29485045444 3819 3819
-5.35320643446 -2.29485045444 3820 3820
-5.35320643446 -2.29485045444 3821 3821
-5.35320643446 -2.29485045444 3822 3822
-5.3533687567 -2.29516721876 3823 3823
-5.3533687567 -2.29516721876 3824 3824
-5.3533687567 -2.29516721876 3825 3825
-5.3533687567 -2.29516721876 3826 3826
-5.35356142116 -2.29510586755 3827 3827
-5.35356142116 -2.29510586755 3828 3828
-5.35368842304 -2.2950347956 3829 3829
-5.35382958896 -2.29506713206 3830 3830
-5.35387142088 -2.29508481256 3831 3831
-5.35387142088 -2.29508481256 3832 3832
-5.35387142088 -2.29508481256 3833 3833
-5.35412034029 -2.29586641714 3834 3834
-5.35404152355 -2.29620396546 3835 3835
-5.35374716248 -2.2970741597 3836 3836
-5.35374716248 -2.2970741597 3837 3837
-5.35374716248 -2.2970741597 3838 3838
-5.35353192875 -2.29766760645 3839 3839
-5.35353192875 -2.29766760645 3840 3840
-5.35274944496 -2.29980849915 3841 3841
-5.35274944496 -2.29980849915 3842 3842
-5.35281018605 -2.30062396512 3843 3843
-5.35281018605 -2.30062396512 3844 3844
-5.35255296354 -2.30116709145 3845 3845
-5.35234694407 -2.30177994856 3846 3846
-5.35234694407 -2.30177994856 3847 3847
-5.35248058998 -2.30220114223 3848 3848
-5.35248058998 -2.30220114223 3849 3849
-5.35248058998 -2.30220114223 3850 3850
-5.35248058998 -2.30220114223 3851 3851
-5.35248058998 -2.30220114223 3852 3852
-5.35248058998 -2.30220114223 3853 3853
-5.35248058998 -2.30220114223 3854 3854
-5.35248058998 -2.30220114223 3855 3855
-5.35248058998 -2.30220114223 3856 3856
-5.35248058998 -2.30220114223 3857 3857
-5.35248058998 -2.30220114223 3858 3858
-5.35248058998 -2.30220114223 3859 3859
-5.35248058998 -2.30220114223 3860 3860
-5.35248058998 -2.30220114223 3861 3861
-5.35248058998 -2.30220114223 3862 3862
-5.35248058998 -2.30220114223 3863 3863
-5.35248058998 -2.30220114223 3864 3864
-5.35248058998 -2.30220114223 3865 3865
-5.35248058998 -2.30220114223 3866 3866
-5.35248058998 -2.30220114223 3867 3867
-5.35248058998 -2.30220114223 3868 3868
-5.35248058998 -2.30220114223 3869 3869
-5.35240433027 -2.30294381533 3870 3870
-5.35240433027 -2.30294381533 3871 3871
-5.35231363029 -2.30308294844 3872 3872
-5.35231363029 -2.30308294844 3873 3873
-5.35231363029 -2.30308294844 3874 3874
-5.35189571475 -2.30391195782 3875 3875
-5.35189571475 -2.30391195782 3876 3876
-5.35189571475 -2.30391195782 3877 3877
-5.35189571475 -2.30391195782 3878 3878
-5.35148340241 -2.30537974274 3879 3879
-5.35148340241 -2.30537974274 3880 3880
-5.35148340241 -2.30537974274 3881 3881
-5.35148340241 -2.30537974274 3882 3882
-5.35148340241 -2.30537974274 3883 3883
-5.35148340241 -2.30537974274 3884 3884
-5.35108236501 -2.30608032282 3885 3885
-5.35108236501 -2.30608032282 3886 3886
-5.35108236501 -2.30608032282 3887 3887
-5.35108236501 -2.30608032282 3888 3888
-5.35108236501 -2.30608032282 3889 3889
-5.35108236501 -2.30608032282 3890 3890
-5.35108236501 -2.30608032282 3891 3891
-5.35108236501 -2.30608032282 3892 3892
-5.35108236501 -2.30608032282 3893 3893
-5.35108236501 -2.30608032282 3894 3894
-5.35067066631 -2.30641443052 3895 3895
-5.35058428434 -2.3067853754 3896 3896
-5.35058428434 -2.3067853754 3897 3897
-5.35058428434 -2.3067853754 3898 3898
-5.35058428434 -2.3067853754 3899 3899
-5.35058428434 -2.3067853754 3900 3900
-5.35058428434 -2.3067853754 3901 3901
-5.35058428434 -2.3067853754 3902 3902
-5.35058428434 -2.3067853754 3903 3903
-5.35058428434 -2.3067853754 3904 3904
-5.35058428434 -2.3067853754 3905 3905
-5.35042422093 -2.30696522352 3906 3906
-5.35042422093 -2.30696522352 3907 3907
-5.34994329924 -2.30807489942 3908 3908
-5.34994329924 -2.30807489942 3909 3909
-5.34990760475 -2.30951325642 3910 3910
-5.34993782036 -2.30954550146 3911 3911
-5.34993782036 -2.30954550146 3912 3912
-5.34986650856 -2.31024844138 3913 3913
-5.34986650856 -2.31024844138 3914 3914
-5.34982168209 -2.31052103846 3915 3915
-5.34981466466 -2.31070340985 3916 3916
-5.34981466466 -2.31070340985 3917 3917
-5.34978013297 -2.31121490547 3918 3918
-5.34978013297 -2.31121490547 3919 3919
-5.34926982341 -2.31138643739 3920 3920
-5.34926982341 -2.31138643739 3921 3921
-5.34926982341 -2.31138643739 3922 3922
-5.34910671843 -2.31157509834 3923 3923
-5.34910671843 -2.31157509834 3924 3924
-5.34910671843 -2.31157509834 3925 3925
-5.34911176459 -2.31189136754 3926 3926
-5.34911176459 -2.31189136754 3927 3927
-5.34905354944 -2.312315042 3928 3928
-5.34905354944 -2.312315042 3929 3929
-5.34905354944 -2.312315042 3930 3930
-5.34882654725 -2.31232045145 3931 3931
-5.34882654725 -2.31232045145 3932 3932
-5.34882654725 -2.31232045145 3933 3933
-5.34888603807 -2.31229054757 3934 3934
-5.34888603807 -2.31229054757 3935 3935
-5.34888603807 -2.31229054757 3936 3936
-5.34888603807 -2.31229054757 3937 3937
-5.34890040232 -2.31232069428 3938 3938
-5.34890040232 -2.31232069428 3939 3939
-5.34890040232 -2.31232069428 3940 3940
-5.34890040232 -2.31232069428 3941 3941
-5.34890040232 -2.31232069428 3942 3942
-5.34890040232 -2.31232069428 3943 3943
-5.34890040232 -2.31232069428 3944 3944
-5.34890040232 -2.31232069428 3945 3945
-5.34890040232 -2.31232069428 3946 3946
-5.34896401692 -2.31270008136 3947 3947
-5.34896401692 -2.31270008136 3948 3948
-5.34896401692 -2.31270008136 3949 3949
-5.34898980948 -2.31269689944 3950 3950
-5.34898980948 -2.31269689944 3951 3951
-5.34898980948 -2.31269689944 3952 3952
-5.34898980948 -2.31269689944 3953 3953
-5.34898980948 -2.31269689944 3954 3954
-5.34898980948 -2.31269689944 3955 3955
-5.34898980948 -2.31269689944 3956 3956
-5.34942833695 -2.3127032018 3957 3957
-5.34942833695 -2.3127032018 3958 3958
-5.34942833695 -2.3127032018 3959 3959
-5.34942833695 -2.3127032018 3960 3960
-5.34942833695 -2.3127032018 3961 3961
-5.34942833695 -2.3127032018 3962 3962
-5.34942833695 -2.3127032018 3963 3963
-5.34944939114 -2.31271738453 3964 3964
-5.34944939114 -2.31271738453 3965 3965
-5.34944939114 -2.31271738453 3966 3966
-5.34944939114 -2.31271738453 3967 3967
-5.34956076358 -2.31353851977 3968 3968
-5.34956076358 -2.31353851977 3969 3969
-5.34959362849 -2.31422952438 3970 3970
-5.34961215315 -2.31420690833 3971 3971
-5.34961215315 -2.31420690833 3972 3972
-5.34961215315 -2.31420690833 3973 3973
-5.34961215315 -2.31420690833 3974 3974
-5.34961215315 -2.31420690833 3975 3975
-5.34961215315 -2.31420690833 3976 3976
-5.34961215315 -2.31420690833 3977 3977
-5.34961215315 -2.31420690833 3978 3978
-5.34961215315 -2.31420690833 3979 3979
-5.34961215315 -2.31420690833 3980 3980
-5.34963211439 -2.31420356616 3981 3981
-5.34963211439 -2.31420356616 3982 3982
-5.34963211439 -2.31420356616 3983 3983
-5.34963211439 -2.31420356616 3984 3984
-5.34963211439 -2.31420356616 3985 3985
-5.34963211439 -2.31420356616 3986 3986
-5.34963211439 -2.31420356616 3987 3987
-5.34963211439 -2.31420356616 3988 3988
-5.34963211439 -2.31420356616 3989 3989
-5.34963211439 -2.31420356616 3990 3990
-5.34961519288 -2.31420451623 3991 3991
-5.34961519288 -2.31420451623 3992 3992
-5.34961519288 -2.31420451623 3993 3993
-5.34961519288 -2.31420451623 3994 3994
-5.34961519288 -2.31420451623 3995 3995
-5.34961519288 -2.31420451623 3996 3996
-5.34961519288 -2.31420451623 3997 3997
-5.34961519288 -2.31420451623 3998 3998
-5.34961519288 -2.31420451623 3999 3999
-5.34947205976 -2.31412804287 4000 4000
-5.34947205976 -2.31412804287 4001 4001
-5.3494728197 -2.31412100651 4002 4002
-5.3494728197 -2.31412100651 4003 4003
-5.3494728197 -2.31412100651 4004 4004
-5.3494728197 -2.31412100651 4005 4005
-5.34928642176 -2.31403174114 4006 4006
-5.34935614911 -2.31393131968 4007 4007
-5.34934652514 -2.31392081248 4008 4008
-5.34934652514 -2.31392081248 4009 4009
-5.34934652514 -2.31392081248 4010 4010
-5.34934652514 -2.31392081248 4011 4011
-5.34934652514 -2.31392081248 4012 4012
-5.34940696164 -2.31403617171 4013 4013
-5.34940696164 -2.31403617171 4014 4014
-5.34940696164 -2.31403617171 4015 4015
-5.34940696164 -2.31403617171 4016 4016
-5.34940696164 -2.31403617171 4017 4017
-5.34940696164 -2.31403617171 4018 4018
-5.34940696164 -2.31403617171 4019 4019
-5.34940696164 -2.31403617171 4020 4020
-5.34965907663 -2.31402510245 4021 4021
-5.34965907663 -2.31402510245 4022 4022
-5.34965907663 -2.31402510245 4023 4023
-5.34965907663 -2.31402510245 4024 4024
-5.34965907663 -2.31402510245 4025 4025
-5.34965907663 -2.31402510245 4026 4026
-5.34965907663 -2.31402510245 4027 4027
-5.34965907663 -2.31402510245 4028 4028
-5.34965907663 -2.31402510245 4029 4029
-5.34965907663 -2.31402510245 4030 4030
-5.34962132958 -2.31355256759 4031 4031
-5.34962132958 -2.31355256759 4032 4032
-5.34939428986 -2.31360960419 4033 4033
-5.34939428986 -2.31360960419 4034 4034
-5.34939428986 -2.31360960419 4035 4035
-5.34939428986 -2.31360960419 4036 4036
-5.34939428986 -2.31360960419 4037 4037
-5.34939428986 -2.31360960419 4038 4038
-5.34939428986 -2.31360960419 4039 4039
-5.34939428986 -2.31360960419 4040 4040
-5.34939428986 -2.31360960419 4041 4041
-5.34939428986 -2.31360960419 4042 4042
-5.34939428986 -2.31360960419 4043 4043
-5.34939428986 -2.31360960419 4044 4044
-5.34939428986 -2.31360960419 4045 4045
-5.34939428986 -2.31360960419 4046 4046
-5.34939428986 -2.31360960419 4047 4047
-5.34939428986 -2.31360960419 4048 4048
-5.34939428986 -2.31360960419 4049 4049
-5.34939428986 -2.31360960419 4050 4050
-5.34939428986 -2.31360960419 4051 4051
-5.34939428986 -2.31360960419 4052 4052
-5.34939428986 -2.31360960419 4053 4053
-5.34939428986 -2.31360960419 4054 4054
-5.34939428986 -2.31360960419 4055 4055
-5.34939428986 -2.31360960419 4056 4056
-5.34939428986 -2.31360960419 4057 4057
-5.34939428986 -2.31360960419 4058 4058
-5.34939428986 -2.31360960419 4059 4059
-5.34939428986 -2.31360960419 4060 4060
-5.34939428986 -2.31360960419 4061 4061
-5.34939428986 -2.31360960419 4062 4062
-5.34931099191 -2.31357032762 4063 4063
-5.34931099191 -2.31357032762 4064 4064
-5.34931099191 -2.31357032762 4065 4065
-5.34931099191 -2.31357032762 4066 4066
-5.34931099191 -2.31357032762 4067 4067
-5.34931099191 -2.31357032762 4068 4068
-5.34931099191 -2.31357032762 4069 4069
-5.34931099191 -2.31357032762 4070 4070
-5.34931099191 -2.31357032762 4071 4071
-5.34931099191 -2.31357032762 4072 4072
-5.34931099191 -2.31357032762 4073 4073
-5.34931099191 -2.31357032762 4074 4074
-5.34931099191 -2.31357032762 4075 4075
-5.34931099191 -2.31357032762 4076 4076
-5.34931099191 -2.31357032762 4077 4077
-5.34931099191 -2.31357032762 4078 4078
-5.34900895499 -2.3135250514 4079 4079
-5.34880635085 -2.31311154271 4080 4080
-5.34880635085 -2.31311154271 4081 4081
-5.34853246459 -2.31298734693 4082 4082
-5.34822694059 -2.31268793884 4083 4083
-5.34822694059 -2.31268793884 4084 4084
-5.34822694059 -2.31268793884 4085 4085
-5.34822694059 -2.31268793884 4086 4086
-5.34803326845 -2.31265437712 4087 4087
-5.34803326845 -2.31265437712 4088 4088
-5.34803326845 -2.31265437712 4089 4089
-5.34803326845 -2.31265437712 4090 4090
-5.34803326845 -2.31265437712 4091 4091
-5.34803326845 -2.31265437712 4092 4092
-5.34803326845 -2.31265437712 4093 4093
-5.34803326845 -2.31265437712 4094 4094
-5.34803326845 -2.31265437712 4095 4095
-5.34803326845 -2.31265437712 4096 4096
-5.34803326845 -2.31265437712 4097 4097
-5.34803326845 -2.31265437712 4098 4098
-5.34801458957 -2.31267193421 4099 4099
-5.34801458957 -2.31267193421 4100 4100
-5.34801458957 -2.31267193421 4101 4101
-5.34801458957 -2.31267193421 4102 4102
-5.34801458957 -2.31267193421 4103 4103
-5.34801458957 -2.31267193421 4104 4104
-5.34801458957 -2.31267193421 4105 4105
-5.34801458957 -2.31267193421 4106 4106
-5.34801458957 -2.31267193421 4107 4107
-5.34801458957 -2.31267193421 4108 4108
-5.34801458957 -2.31267193421 4109 4109
-5.34801458957 -2.31267193421 4110 4110
-5.34801458957 -2.31267193421 4111 4111
-5.34801458957 -2.31267193421 4112 4112
-5.34801458957 -2.31267193421 4113 4113
-5.34801458957 -2.31267193421 4114 4114
-5.34801458957 -2.31267193421 4115 4115
-5.34801458957 -2.31267193421 4116 4116
-5.34801458957 -2.31267193421 4117 4117
-5.34801458957 -2.31267193421 4118 4118
-5.34801458957 -2.31267193421 4119 4119
-5.34801458957 -2.31267193421 4120 4120
-5.34801458957 -2.31267193421 4121 4121
-5.34801458957 -2.31267193421 4122 4122
-5.34801458957 -2.31267193421 4123 4123
-5.34801458957 -2.31267193421 4124 4124
-5.34801458957 -2.31267193421 4125 4630
