175.475458 -14.568434 2 6
175.475457693 -14.5684376286 6 7
175.475457562 -14.5684369363 7 10
175.475457562 -14.5684369363 10 11
175.47545612 -14.5684344211 11 12
175.475456143 -14.5684347322 12 15
175.475406017 -14.5684185917 15 36
175.475389405 -14.568449352 36 37
175.475401548 -14.5685083713 37 37
175.475753045 -14.5684363744 38 38
175.475753046 -14.5684363743 39 40
175.476075122 -14.5682108251 40 41
175.476084838 -14.5681989257 41 43
175.476085443 -14.5681999726 43 44
175.476374547 -14.5679455292 43 44
175.476374547 -14.5679455297 44 45
175.476544837 -14.5676275307 44 45
175.476544852 -14.5676275488 45 47
175.476780473 -14.5673671671 47 50
175.47677851 -14.5673678958 50 51
175.476810892 -14.567256451 50 51
175.476943217 -14.5671899516 51 52
175.477231564 -14.566845427 52 53
175.477239254 -14.5667732217 53 54
175.477252724 -14.5667790857 54 55
175.477326804 -14.5667453118 55 56
175.477317285 -14.566748955 56 60
175.477326847 -14.5667454269 60 61
175.477312038 -14.5667507566 61 62
175.477668744 -14.5663434885 62 63
175.477912863 -14.5661247956 62 63
175.477912837 -14.566124814 63 64
175.478304424 -14.5658860763 64 65
175.478508658 -14.5657995473 65 66
175.478883633 -14.5653687706 66 67
175.479047936 -14.5651231731 67 71
175.479216499 -14.5650789259 71 72
175.479175215 -14.5653612446 72 74
175.479199132 -14.5653417573 74 75
175.479604508 -14.565682403 75 76
175.4799777 -14.5657161522 76 77
175.480059176 -14.5657801257 77 86
175.480058637 -14.5657715976 86 87
175.480055727 -14.5657658196 87 87
175.47980668 -14.5659816729 88 88
175.479802729 -14.5659859232 88 89
175.479679031 -14.5662332335 89 90
175.480009588 -14.5667058728 90 91
175.480375204 -14.5667763806 91 100
175.480404139 -14.5667925495 100 101
175.481359001 -14.5672809819 101 103
175.482391328 -14.56802472 103 105
175.483140671 -14.5688823327 105 107
175.483794192 -14.5692698071 107 107
175.484909422 -14.5693931606 108 108
175.484849144 -14.569425679 108 109
175.485145217 -14.5693538926 109 110
175.486068576 -14.5694171736 110 111
175.487179701 -14.5701915607 111 112
175.487930535 -14.5707316615 112 113
175.488889169 -14.5714744946 113 116
175.488885011 -14.5714731302 116 117
175.490319847 -14.5719134561 117 118
175.490924301 -14.5720646776 118 120
175.492109561 -14.5733930061 120 121
175.492163959 -14.5734698012 121 122
175.49295799 -14.5747952335 122 122
175.493687095 -14.5753431028 123 123
175.493686729 -14.5753430009 123 124
175.495121746 -14.5761754662 124 125
175.496107722 -14.5767192044 125 126
175.497300852 -14.5777163195 126 127
175.497798413 -14.577991534 126 127
175.498181822 -14.5781495852 127 128
175.499110355 -14.5784301897 128 129
175.500444394 -14.5791624344 129 130
175.500829576 -14.5793749905 130 132
175.501601112 -14.579720798 132 133
175.501776449 -14.5798490435 132 133
175.501776375 -14.5798490535 133 134
175.50315666 -14.5807431651 134 135
175.504666981 -14.5816848463 135 141
175.504717749 -14.5817065422 141 142
175.504702264 -14.5817061082 142 142
175.505425556 -14.5823397912 143 143
175.505425555 -14.5823397963 143 144
175.506716521 -14.5830256908 144 145
175.507633961 -14.5834990746 145 146
175.508111483 -14.5836670813 146 147
175.508991435 -14.5840566701 147 148
175.509876831 -14.5846267969 148 148
175.510587512 -14.5849970612 149 151
175.511516914 -14.5856099699 151 152
175.512400904 -14.5862100808 152 153
175.512968153 -14.586542147 153 154
175.513351603 -14.5868686973 154 155
175.513824512 -14.587128258 155 155
175.513835161 -14.5871393684 156 156
175.514208974 -14.5873345326 157 157
175.514593053 -14.587541616 158 158
175.514675613 -14.587621393 158 159
175.514726 -14.587596 159 161
175.514716061 -14.5876506097 161 164
175.514718595 -14.587652839 164 165
175.514673633 -14.5876562013 165 166
175.514676823 -14.5876685378 166 167
175.514687553 -14.5876676603 167 168
175.514711477 -14.5876726685 168 173
175.514707724 -14.5876718456 173 178
175.514699328 -14.5876727308 178 182
175.514677224 -14.5876926508 182 183
175.514631794 -14.5875468503 183 184
175.514657923 -14.5875283441 184 185
175.514658568 -14.5875255811 185 186
175.51465834 -14.5875293895 186 187
175.51466217 -14.5875174041 187 188
175.514662913 -14.5875226625 188 189
175.514650542 -14.5874433772 189 190
175.514695573 -14.5872515264 190 191
175.51474598 -14.5870614077 191 192
175.514872837 -14.5869631967 192 192
175.515068522 -14.5871009364 193 193
175.515065621 -14.5870733367 194 200
175.51506555 -14.5870730079 200 201
175.515106363 -14.5873237604 201 202
175.515105694 -14.5873666756 202 203
175.51527713 -14.5877145508 203 204
175.51540581 -14.587908323 204 204
175.515402393 -14.5879104936 205 205
175.515402357 -14.5879104322 205 206
175.515432381 -14.5880039012 206 206
175.515441198 -14.5879940031 207 207
175.515441096 -14.5879939279 208 210
175.515482175 -14.5879791702 210 223
175.515479242 -14.5879900538 223 224
175.51547836 -14.5879909898 225 226
175.515466546 -14.5880083007 226 227
175.51553029 -14.5879747292 227 237
175.515539237 -14.5879889389 227 237
175.515536915 -14.587990816 237 238
175.515528906 -14.5879759965 238 239
175.515671097 -14.5880071554 239 239
175.515695087 -14.5879930588 240 261
175.515695207 -14.587992983 261 263
175.515668495 -14.5880108569 263 264
175.515693523 -14.5879689243 264 265
175.515719235 -14.5879008685 265 265
175.515726044 -14.5879137718 266 271
175.515725885 -14.587913777 271 277
175.515748749 -14.5879295253 277 281
175.515762002 -14.5878866885 281 292
175.515798361 -14.5878239798 292 296
175.515808579 -14.5878110994 296 297
175.515772359 -14.5878216301 297 304
175.515766375 -14.5878235056 304 305
175.515853931 -14.5878071461 305 306
175.516008028 -14.5877773007 306 310
175.516188149 -14.587614555 310 310
175.516392418 -14.587671251 311 311
175.516392449 -14.5876710822 311 312
175.516580412 -14.5875558398 312 313
175.516734083 -14.587407793 313 317
175.517189806 -14.5871807907 317 317
175.51743832 -14.5871374126 318 325
175.51780549 -14.5870502922 325 326
175.51824889 -14.5869860399 326 328
175.518633108 -14.5866566404 328 330
175.518926049 -14.5864719155 330 331
175.519305944 -14.5863256698 331 332
175.519691271 -14.586371698 332 337
175.519701921 -14.5863813078 337 337
175.519611921 -14.5864031215 338 338
175.519593407 -14.5863948676 339 340
175.519622414 -14.5864176113 340 343
175.51962242 -14.5864175616 343 344
175.519582775 -14.5864329803 344 345
175.519590833 -14.5864247608 345 346
175.519610179 -14.5864323193 346 350
175.519614398 -14.5864263998 350 351
175.519623573 -14.5864262799 351 358
175.519585113 -14.5864475082 358 360
175.519590846 -14.5864501574 360 363
175.519722343 -14.5864444703 363 364
175.519757134 -14.5864255106 364 365
175.519758517 -14.5864064002 365 366
175.519859418 -14.5863126847 366 367
175.520045493 -14.5863283629 367 371
175.520252535 -14.5863617856 371 381
175.520311626 -14.5864361161 381 382
175.520477611 -14.5864803013 382 386
175.520503784 -14.5865351997 386 388
175.520494254 -14.586516432 388 390
175.52058893 -14.586624563 390 390
175.52068955 -14.5867402168 391 392
175.520689394 -14.5867400078 392 394
175.52083531 -14.5868909243 394 395
175.520925245 -14.5869597696 398 398
175.520998744 -14.5869899384 399 399
175.520999362 -14.5869939074 400 400
175.520991027 -14.5870028553 401 404
175.520993072 -14.5869936063 404 406
175.5211493 -14.5870825531 406 407
175.521256773 -14.5872111354 407 409
175.52129928 -14.587200413 409 409
175.521303999 -14.5872199959 410 414
175.521304 -14.58722 414 419
175.521316319 -14.5872105585 419 420
175.521296086 -14.5872139608 420 421
175.521259028 -14.587180173 421 424
175.521172823 -14.5871210515 424 431
175.521134506 -14.5870551362 431 434
175.521150614 -14.5870594401 434 436
175.521275119 -14.5872350101 436 436
175.521130088 -14.5875366547 437 439
175.521130037 -14.587536827 439 440
175.521099204 -14.5875686259 440 441
175.521082626 -14.5875836569 441 442
175.521065044 -14.5875992975 442 444
175.520875435 -14.5877099884 444 449
175.52087659 -14.587752677 449 450
175.520870096 -14.5877624652 453 454
175.52087297 -14.58775535 454 455
175.520848759 -14.5877499465 455 456
175.520982348 -14.5876374951 456 460
175.520940018 -14.5876436254 460 462
175.520902156 -14.5875407473 462 467
175.520929476 -14.5874839812 467 473
175.520943373 -14.5874781565 473 473
175.520935842 -14.5874736644 474 474
175.520935213 -14.5874736874 474 476
175.520934404 -14.5874741548 476 480
175.521084714 -14.5874988781 480 487
175.5210509 -14.5874910545 487 488
175.521270139 -14.587391257 488 490
175.521383742 -14.5873214631 490 494
175.521382078 -14.5873103566 494 503
175.521347 -14.587331 503 507
175.521101577 -14.5875758091 507 508
175.52105588 -14.5875375965 508 513
175.521053971 -14.5875386573 513 514
175.520883429 -14.5875135216 514 515
175.520597542 -14.587569683 515 516
175.520322501 -14.5877228743 516 520
175.520137892 -14.5877791151 520 521
175.519948568 -14.5883081228 521 523
175.519926266 -14.588441307 523 524
175.519975228 -14.5886024707 524 527
175.520092723 -14.5890460386 527 528
175.520273023 -14.589255272 528 536
175.520277988 -14.5892692288 536 543
175.520277426 -14.5892684537 543 544
175.520281786 -14.5892543324 544 547
175.520744034 -14.589236571 547 548
175.520899063 -14.5893861642 548 549
175.521062907 -14.5896357672 549 550
175.521503116 -14.5898772329 550 551
175.521611801 -14.5899316346 551 556
175.521624009 -14.5899395933 556 562
175.521632054 -14.5899323177 562 565
175.521631562 -14.5899339289 565 573
175.521666126 -14.5899268842 573 576
175.522016691 -14.5902722877 576 578
175.522297597 -14.5903020442 578 581
175.522650555 -14.5901679769 581 582
175.523359248 -14.5899911197 582 583
175.523620073 -14.590006215 583 589
175.523620091 -14.5900061741 589 590
175.523777203 -14.5903132132 590 591
175.523942449 -14.5904137739 591 592
175.523943119 -14.5904153775 592 598
175.524082286 -14.590305707 598 599
175.523792171 -14.5903281326 599 603
175.523726686 -14.5903448924 603 605
175.523810876 -14.5900709086 605 612
175.523871763 -14.5899024086 612 616
175.524003693 -14.5897629117 616 618
175.523960458 -14.5896171785 618 619
175.524137743 -14.5895903045 619 624
175.524126099 -14.5895387315 624 625
175.5240062 -14.5896208024 625 626
175.524052698 -14.5895892615 626 634
175.52405282 -14.5895901954 634 635
175.524028572 -14.5896128333 635 637
175.524714987 -14.5894773916 637 637
175.525042469 -14.5894268188 638 638
175.525042387 -14.5894268129 638 639
175.525492942 -14.589475446 639 642
175.52575912 -14.5894698948 642 649
175.525821441 -14.5894028649 649 651
175.526060514 -14.589393124 651 655
175.526252692 -14.589275161 655 658
175.527794741 -14.5894936854 658 659
175.527768853 -14.5898733677 659 664
175.527793124 -14.5897542735 664 665
175.527655476 -14.5903453649 665 666
175.528243475 -14.5907421386 666 667
175.528627 -14.591328 667 670
175.528367231 -14.5914517943 670 671
175.52821544 -14.591350843 671 678
175.528146 -14.591277 678 680
175.52821019 -14.5918178369 680 685
175.528173204 -14.592130048 685 690
175.528152303 -14.5923683237 690 692
175.528669548 -14.592549951 693 694
175.528476839 -14.5934360423 694 697
175.527882395 -14.5937192017 697 704
175.527776259 -14.5937851512 704 705
175.526922022 -14.5935164852 705 706
175.526520307 -14.5939770986 706 706
175.526101 -14.594487 707 711
175.526111477 -14.5944898151 711 712
175.526840455 -14.5950424144 712 713
175.526846913 -14.5950501214 713 714
175.527253818 -14.5960747994 714 716
175.52761189 -14.5967658653 716 717
175.527582548 -14.5971997713 717 719
175.527571911 -14.5972206972 719 721
175.527374411 -14.597147338 721 726
175.527415164 -14.5971335013 726 727
175.527452892 -14.5971297239 727 728
175.527347651 -14.5970276834 728 730
175.527369851 -14.5977611505 730 732
175.527462849 -14.5979057802 732 733
175.527672909 -14.5983357069 733 734
175.527535811 -14.5989899776 734 735
175.527457466 -14.5991098906 735 738
175.527288251 -14.5994989396 738 739
175.526757848 -14.5995140102 739 740
175.526268003 -14.5996424585 740 741
175.526072481 -14.5998208331 741 742
175.526001099 -14.6004692255 742 743
175.526168249 -14.6012779843 743 744
175.526058225 -14.6019738252 744 746
175.526007812 -14.6022572373 746 751
175.526109145 -14.6023748683 751 755
175.526098941 -14.602348306 755 759
175.52621006 -14.6023118319 759 764
175.526182654 -14.602469495 764 766
175.526064623 -14.6022949349 766 766
175.52635029 -14.6021843972 767 767
175.526536984 -14.6022108615 767 768
175.526934211 -14.6023630379 768 772
175.526992936 -14.6025005026 772 774
175.527278913 -14.6028519596 774 776
175.527267229 -14.6033203333 776 779
175.527219968 -14.6034485278 779 780
175.527515921 -14.6038202537 781 782
175.527548193 -14.6038487696 782 784
175.527675985 -14.6039183719 785 787
175.527684878 -14.6039153097 787 788
175.527719127 -14.6038588098 788 792
175.527729537 -14.6038491382 792 794
175.527765151 -14.603865267 794 796
175.527775562 -14.6038672812 796 799
175.527753422 -14.6038653804 799 802
175.527587788 -14.6038560454 806 1012
175.527212708 -14.6036936825 1012 1026
175.52722223 -14.603689954 1026 1038
175.52723356 -14.6036928158 1038 1040
175.527235412 -14.603718843 1040 1050
175.527265088 -14.6037174542 1050 1052
175.527276 -14.6037100002 1052 1062
175.527274811 -14.603733347 1062 1072
175.527275539 -14.6036686489 1072 1090
175.527272685 -14.6036540765 1090 1093
175.527350793 -14.6037562427 1093 1094
175.527446929 -14.6037707468 1094 1096
175.527513844 -14.6038200675 1096 1101
175.527536174 -14.6038345769 1101 1103
175.527483288 -14.6037859107 1103 1108
175.527312946 -14.603719592 1106 1106
175.527259771 -14.6035693966 1107 1107
175.527281247 -14.6035282728 1108 1109
175.527286565 -14.6035179637 1109 1115
175.527291595 -14.6035001426 1115 1117
175.527239998 -14.6035074795 1117 1120
175.527192875 -14.6033973538 1120 1122
175.527176683 -14.6032787736 1122 1124
175.527230812 -14.6032748481 1124 1127
175.527352082 -14.6030460411 1127 1133
175.527348116 -14.6029878114 1133 1136
175.527391078 -14.6028792066 1136 1139
175.527458828 -14.6028589048 1139 1141
175.527507601 -14.6028938513 1141 1149
175.527506768 -14.602868382 1149 1151
175.527307532 -14.6028978285 1151 1154
175.527344322 -14.6030572604 1154 1161
175.527289501 -14.6030995755 1161 1163
175.52726091 -14.6031304925 1163 1164
175.527276467 -14.6030626648 1164 1164
175.527273617 -14.6030681446 1165 1167
175.527273551 -14.6030679452 1167 1175
175.527265717 -14.6030838837 1175 1176
175.527268912 -14.6030872956 1176 1181
175.527274439 -14.6030971514 1181 1185
175.527295933 -14.6031195276 1185 1188
175.52735265 -14.6030819065 1188 1195
175.527372503 -14.6029922541 1195 1201
175.527377236 -14.6029779635 1201 1202
175.527363502 -14.6029499148 1202 1210
175.52730706 -14.6029160695 1210 1215
175.527271385 -14.6029620237 1215 1222
175.527283516 -14.6029518769 1222 1224
175.527400789 -14.6030043087 1224 1233
175.527404733 -14.6029974736 1224 1233
175.527404828 -14.6029974513 1233 1236
175.527388039 -14.6029952347 1236 1237
175.527406494 -14.6029920094 1237 1249
175.527406547 -14.6029932158 1249 1250
175.52739513 -14.6030220403 1250 1292
175.527410453 -14.6030121785 1292 1297
175.527405348 -14.6030162291 1297 1299
175.527405855 -14.6030142301 1299 1302
175.527354955 -14.6029809975 1302 1305
175.52736374 -14.6029270927 1305 1307
175.5273486 -14.6028924511 1307 1311
175.527237878 -14.6029207348 1311 1313
175.527071464 -14.6030312598 1313 1320
175.526960827 -14.6031119558 1313 1320
175.526959968 -14.6031107968 1320 1324
175.526833333 -14.6031699022 1324 1333
175.526731302 -14.603447107 1333 1336
175.526717787 -14.6035228814 1336 1339
175.526721452 -14.6036226304 1339 1346
175.526703005 -14.6036296871 1346 1347
175.526534163 -14.6036283272 1347 1348
175.526364193 -14.6035741008 1348 1351
175.526184571 -14.603453281 1351 1352
175.526101265 -14.6033734114 1352 1354
175.526213246 -14.60340283 1354 1359
175.52636631 -14.6035166983 1359 1359
175.526370633 -14.6035124783 1360 1362
175.526370611 -14.6035124998 1362 1365
175.526264776 -14.6033512515 1365 1372
175.526025237 -14.6030212405 1372 1374
175.526140647 -14.6027670661 1374 1376
175.526128419 -14.6026153152 1376 1379
175.526128807 -14.6026139916 1379 1383
175.526125477 -14.6025977049 1383 1385
175.526138062 -14.6026579481 1385 1386
175.526126213 -14.6026706448 1386 1387
175.526127788 -14.6026733555 1387 1388
175.526128761 -14.6026749053 1388 1389
175.526087421 -14.6026859501 1389 1390
175.526057085 -14.6027312817 1390 1391
175.526117804 -14.6027881187 1391 1392
175.526224677 -14.6027692515 1392 1394
175.526331602 -14.6027497298 1394 1395
175.526434088 -14.6025874585 1395 1396
175.526529247 -14.6025593068 1396 1397
175.526667071 -14.6025538348 1397 1398
175.526679178 -14.6023772964 1398 1399
175.526739259 -14.6024021815 1399 1400
175.526802813 -14.6023951938 1400 1402
175.526804549 -14.6023814176 1402 1403
175.526803419 -14.6024211574 1403 1404
175.526802474 -14.6023723895 1404 1405
175.526802531 -14.6023626198 1405 1406
175.526805385 -14.6023529885 1406 1406
175.526808856 -14.6023434061 1407 1430
175.526808856 -14.6023434064 1430 1438
175.526809576 -14.6023413834 1438 1441
175.526810194 -14.6023396484 1441 1457
175.526811139 -14.60233698 1457 1460
175.526811467 -14.6023368142 1460 1463
175.526812491 -14.6023340595 1464 1464
175.526813146 -14.6023322232 1465 1712
175.526813146 -14.6023322238 1712 1715
175.526812118 -14.6023348573 1715 1716
175.526809528 -14.6023363729 1716 1719
175.526808967 -14.6023361999 1719 1719
175.526808969 -14.6023360974 1720 1722
175.526808966 -14.6023360975 1722 1723
175.526808946 -14.6023360497 1723 1763
175.526802504 -14.6023308183 1763 1767
175.526799577 -14.6023271257 1767 1767
175.526792957 -14.6023275334 1774 1783
175.526792957 -14.6023275334 1783 1795
175.526807802 -14.6022911982 1795 1801
175.526847181 -14.6022467878 1801 1808
175.526896781 -14.6023195364 1808 1810
175.526906323 -14.6023261176 1810 1815
175.526910491 -14.6023268699 1815 1819
175.526940155 -14.6023381011 1819 1822
175.526969721 -14.6023635655 1822 1824
175.526968153 -14.6023634121 1824 1828
175.526997719 -14.6023556861 1828 1829
175.527002439 -14.6023553783 1829 1830
175.526923733 -14.6022978443 1830 1830
175.526938736 -14.6022474401 1831 1831
175.526938737 -14.6022474399 1831 1833
175.526954119 -14.6022569176 1833 1836
175.526973224 -14.602228431 1836 1837
175.526973561 -14.6021928699 1837 1839
175.526964742 -14.6021920185 1839 1841
175.526957542 -14.6021822706 1841 1843
175.52698138 -14.6021549819 1843 1846
175.526976798 -14.6021588468 1846 1849
175.526976882 -14.6021587971 1849 1851
175.526976905 -14.6021587978 1851 1855
175.5269066 -14.6021105872 1856 1858
175.52624178 -14.6019655383 1858 1861
175.526114216 -14.6021372509 1861 1866
175.525918029 -14.6024519044 1866 1869
175.525878559 -14.602457378 1869 1870
175.525796044 -14.6026931894 1869 1870
175.525795931 -14.6026927376 1870 1876
175.52579499 -14.6028789255 1885 1886
175.525813268 -14.6029472446 1886 1889
175.525814347 -14.6029584971 1889 1891
175.525815916 -14.6029631146 1892 1895
175.525816825 -14.6029649531 1895 1897
175.525814943 -14.6029635848 1897 1898
175.525814633 -14.6029629252 1898 1899
175.525814275 -14.6029620389 1899 1910
175.525814282 -14.602961978 1910 1915
175.525814271 -14.6029619966 1915 1916
175.525814298 -14.6029619898 1917 1938
175.525814298 -14.6029619898 1938 2207
